dataHoraInicio;keywords;tipoDiscurso;transcricao
2000-10-17T14:52;RESULTADO, ELEIÇÃO MUNICIPAL, MUNICÍPIO, BLUMENAU, (SC), ADMINISTRAÇÃO MUNICIPAL, PARTIDO POLÍTICO, (PT).;PEQUENO EXPEDIENTE;"O SR. PAULO GOUVÊA (PFL-SC. Sem revisão do orador.) – Sr. Presidente, em primeiro lugar, quero informar à Mesa e aos meus caros colegas Deputados e Deputadas que, desde o início deste mês, reassumi minha cadeira de Deputado Federal, no gabinete 755. Estive ocupando, no início deste meu segundo mandato, a Secretaria de Desenvolvimento Econômico do Estado de Santa Catarina, portanto licenciado desta Casa. Posteriormente estive afastado para disputar a eleição para Prefeito da minha cidade. Reassumo meu mandato com muita honra e muita disposição para trabalhar pelo meu Estado e pelo meu País.
	A propósito da eleição, Sr. Presidente, tenho lido muitos comentários e análises sobre os resultados. Neste plenário, muito se tem discursado sobre o resultado das eleições, suas causas e seus efeitos. Como já disse, fui um dos participantes desse pleito. Disputei a eleição de Prefeito da minha cidade, Blumenau, em Santa Catarina, e perdi para o atual ocupante do cargo, o Prefeito do PT. 
	Fico perplexo quando ouço, da imprensa ou neste plenário, declarações de dirigentes e representantes do Partido dos Trabalhadores de que os resultados favoráveis a seu partido se deveram a uma opção dos eleitores pela ética na política, pela moralidade. Não estou aqui para justificar uma derrota eleitoral, mas, se vale o exemplo da minha cidade, posso afirmar que, pelo menos lá, a escolha nada teve nada com moralidade administrativa. Em Blumenau, o PT não teve o menor pudor ao se aliar com o que há de mais fisiológico e de menos comprometido com a moral. Também lá, não se ruboriza com a nomeação de parentes para cargos comissionados.
	O discurso petista aqui na Câmara dos Deputados é um, a prática petista no Governo é completamente diferente — o que, aliás, faz lembrar recentes declarações do Governador do Estado do Rio de Janeiro no sentido de que o PT é ""o partido da boquinha"", tal a sofreguidão com que disputam os cargos públicos naquele Estado. Faz lembrar também a desenfreada nomeação de parentes para cargos públicos levada a efeito pelo Governador do Mato Grosso do Sul, o chamado Zeca do PT. 
	Lá em Blumenau, a Promotoria Pública denunciou recentemente a administração municipal por excesso de gastos com publicidade e propaganda. Nisso o PT é realmente muito competente. Faltam creches e o atendimento à saúde é precário, mas a Prefeitura gasta 2 milhões de reais em propaganda e publicidade.
	Na verdade, Sr. Presidente, os grandes fatores que possibilitaram a reeleição do PT em Blumenau, além da própria extraordinária vantagem da reeleição, foram dois: o empréstimo do BNDES para a Prefeitura, autorizado apenas semanas antes da eleição, o que permitiu ao Prefeito, no melhor estilo Paulo Maluf, promover o rápido asfaltamento de um grande número de vias públicas da cidade, com dinheiro, repito, emprestado pelo Governo FHC; e o marketing, muita propaganda, até mesmo sobre essa suposta moralidade do partido.
	Não guardo mágoas por não ter vencido o pleito. Fiz o que foi possível. Recebi uma votação digna e estimulante, em circunstâncias muito adversas. Sou imensamente grato aos 43.448 blumenauenses, 30% do total do eleitorado, que escolheram a proposta que, junto com o candidato a Vice-Prefeito Noberto Mette, do PSDB, apresentei à nossa cidade. Meu partido, o PFL, ampliou sua bancada de Vereadores; a oposição como um todo à administração do PT fez a maioria na Câmara Municipal de Vereadores. Saio, portanto, de cabeça erguida dessa eleição, pronto para novos desafios, pronto para novas empreitadas políticas no meu Estado de Santa Catarina. 
Inconformado estou apenas com o fato de que, em muitas outras cidades do Brasil, o PT esteja querendo passar o mesmo golpe da falsa moralidade e da falsa transparência."
2000-10-31T14:24;EXPECTATIVA, CONGRESSO NACIONAL, REAJUSTE, SALÁRIO MÍNIMO, DECISÃO JUDICIAL, TRIBUTAÇÃO, FUNDO DE PREVIDÊNCIA.;PEQUENO EXPEDIENTE;"O SR. PAULO GOUVÊA (PFL-SC. Pronuncia o seguinte discurso.) - Sr. Presidente, Sras. e Srs. Deputados, o Congresso Nacional não pode fugir, neste momento, à responsabilidade de elevar o salário mínimo para 180 reais. A expectativa do povo brasileiro é esta: de que seus representantes encontrem a fórmula, indiquem os meios e viabilizem o aumento do piso salarial para um patamar mais digno.
	Posso assegurar aos meus colegas Parlamentares que a paciência nacional está em vias de se esgotar. No início do ano foi criada a expectativa de elevação real do salário mínimo, que acabou frustrada. Já na ocasião, o desejo do meu partido, o PFL, era pelo menos fixar antecipadamente em lei o salário mínimo para 2001 em 180 reais. Com isso, a proposta orçamentária do Executivo para o exercício já deveria contemplar os recursos necessários. Mas nada disso aconteceu.
	Talvez muitos aqui não tenham tido a oportunidade que tive recentemente de ouvir o grito das ruas, ao enfrentar uma eleição para Prefeito, quando senti claramente a decepção popular com a decisão sobre o salário mínimo, no primeiro semestre deste ano. O repúdio não me atingia pessoalmente, porque não participei da votação no primeiro semestre, já que estava ocupando cargo de Secretário de Estado; se tivesse participado, teria votado a favor do valor de 180 reais. Mas posso garantir-lhes que o povo não perdoará o Congresso se mais uma vez o salário melhor ficar só na promessa, nos discursos. Os aposentados, especialmente essa gente que sofre a angústia de uma aposentadoria magra, atrelada a esse salário que não sobe, estão de novo na expectativa de uma atitude corajosa do Congresso Nacional, e não irão esquecer, em 2002, uma nova decepção ocorrida neste ano.
Se a solução para o salário mínimo é taxar os fundos de previdência, que o Poder Judiciário cumpra seu dever — ele, que já resolveu sua questão salarial — e resolva logo essa pendência. Se a decisão for favorável, como espero, não há argumento racional que impeça cobrar impostos dos fundos. Acima da pura racionalidade, temos a obrigação de demonstrar solidariedade com os que ganham pouco, com os aposentados, com os trabalhadores.
Se a decisão judicial, porém, for negativa, ou não vier, aí, sim, o problema será muito maior. Mas ainda assim a questão, como sempre, será de prioridade. E eu pergunto: o que é mais importante, o que é mais urgente, o que é mais justo, hoje, no País, do que estabelecer um salário minimamente digno para o nosso povo?
	Sr. Presidente, aproveito o tempo que me resta para saudar o Prefeito da Capital do Estado do Paraná, Cássio Taniguchi, pela brilhante reeleição, no último domingo. Congratulo-me com o povo paranaense, particularmente o curitibano, por continuar a ter como Prefeito alguém da competência, da criatividade e da estrutura moral de S.Exa.
	Muito obrigado."
2000-11-21T16:08;CRÍTICA,  FINANCIAMENTO, CAMPANHA ELEITORAL, RECURSOS PÚBLICOS, INEFICÁCIA, COMBATE, PODER ECONÔMICO.;PELA ORDEM;"O SR. PAULO GOUVÊA (PFL-SC. Pela ordem. Pronuncia o seguinte discurso.) - Sr. Presidente, Sras. e Srs. Deputados, um dos temas mais controvertidos da reforma política ora em discussão no Congresso Nacional é o financiamento público das campanhas. De pronto, manifesto a minha opinião contrária às propostas de uso do dinheiro público paro a pagamento das despesas de campanha. 
Não desconheço os possíveis aspectos positivos da medida. Seria especialmente salutar a inibição daquelas contribuições particulares interesseiras, cujos doadores cobram, após a eleição, recompensa por sua generosidade. Se o financiamento público de campanhas tivesse esse poder, eu seria totalmente a favor de sua adoção. Seria certamente grande avanço impedir que Prefeitos Municipais, por exemplo, ficassem compromissados com empresas de ônibus, empreiteiras, incorporadoras imobiliárias.
	Temo que não se obtenha esse resultado com o financiamento público. E as últimas discussões sobre caixa dois, caixa três, caixa quatro das campanhas reforçam o meu temor. Se é verdade que grande parte das campanhas tem duas contabilidades distintas — uma com fontes de recursos legais, outra com doações não reveladas —, não haverá lei capaz de impedir que a prática continue. Teríamos, então, a fonte oficial, pública, e, no sistema de caixa dois, a mesma antiga e potencialmente corrosiva doação sub-reptícia daqueles que têm interesses diretos na administração pública.
	A propósito, li na revista Veja desta semana que o eminente Senador Eduardo Suplicy, do PT de São Paulo, declarou às autoridades eleitorais ter despendido em sua campanha para o Senado, em São Paulo, maior Estado deste País, a importância de 31 mil reais, ou seja, todo o material impresso da campanha para o Senado, outdoors, produção de programas de televisão e rádio, pesquisas eleitorais, mobilização, tudo custou ao Senador do PT 31 mil reais. E assim foi declarado. Como o PT é autodeclarado campeão da moralidade e da transparência, ninguém, ao que se saiba, pôs em dúvida a lisura dessa peculiar contabilidade. 
Eu, entretanto, permito-me um certo ceticismo diante da franciscana modéstia de tal campanha eleitoral. Pergunto-me de que forma poderia o financiamento público das campanhas impedir esse tipo de opaca, embaçada transparência na contabilidade de certos candidatos.
Talvez não se venha, portanto, a ganhar muito com o novo artefato eleitoral, mas a perda é clara e evidente: serão milhões de reais drenados dos cofres públicos para pagar campanhas eleitorais como, por exemplo, a do Senador Eduardo Matarazzo Suplicy.
Num País onde falta dinheiro para creche, para saúde, para saneamento, para tudo, vamos, com o nosso voto, disponibilizar dinheiro público para o item de despesa ""campanhas eleitorais""?
Sr. Presidente, definitivamente, não contem com o meu voto para isso.
            Muito obrigado"
2000-11-28T15:22;"DADOS, AUMENTO, (PIB), CRESCIMENTO, AGROPECUÁRIA, INDÚSTRIA, DECLARAÇÃO, ARMÍNIO FRAGA, PRESIDENTE , (BACEN).
DEFESA, MELHORIA, DISTRIBUIÇÃO DE RENDA, AUMENTO, SALÁRIO MÍNIMO, COMBATE, POBREZA, REDUÇÃO, DESIGUALDADE SOCIAL, TRABALHADOR, APOSENTADO.
ATUAÇÃO, FERNANDO HENRIQUE CARDOSO, PRESIDENTE DA REPÚBLICA, GOVERNO FEDERAL, CONTENÇÃO, INFLAÇÃO,  PROGRAMA DE GOVERNO, DESENVOLVIMENTO SOCIAL, INVESTIMENTO, EDUCAÇÃO, SAÚDE.";GRANDE EXPEDIENTE;"O SR. PAULO GOUVÊA (PFL-SC. Pronuncia o seguinte discurso.) - Sr. Presidente, Sras. e Srs. Deputados, as notícias recentemente divulgadas sobre o aumento do PIB são, ao mesmo tempo, animadoras e desafiantes. Nos nove primeiros meses deste ano, o Produto Interno Bruto do nosso País acumulou um aumento de 3,89% em relação ao mesmo período de 1999. Um excelente resultado. Melhor ainda porque a expansão da atividade econômica é generalizada. Aconteceu na agropecuária, com 3,36% de crescimento, na indústria, com o expressivo salto de 4,62%, e no setor de serviços, com 3,29%. 
Esses números, que retratam a recuperação da atividade econômica no País, justificam a afirmativa otimista do Presidente do Banco Central, Sr. Arminio Fraga: ""Vejo um país que tem condições de voltar a crescer sem medo"". A perspectiva é, de fato, bastante animadora. Por que então afirmo que esses números são também desafiantes e acredito que o quadro econômico aí revelado é preocupante? Penso assim porque percebo que, diferentemente do que o Presidente do Banco Central gostaria que acontecesse, o medo de crescer ainda persiste no Brasil. E a maior prova disso é a vacilação, a falta de convicção de muitos em relação ao aumento significativo do salário mínimo. E sinto também a preocupação, que é de todo brasileiro consciente, ante a evidência de que essa riqueza acrescentada ao País continua não sendo distribuída de maneira justa, em grande parte, exatamente porque o salário mínimo é pequeno demais.
	A leitura apenas um pouco mais atenta daqueles números já nos informa que alguma coisa importante precisa ser feita em relação aos salários. Comparando os diversos setores da economia, observa-se que o menor crescimento se deu nos serviços, dentro dos quais o subgrupo comércio teve o desempenho mais modesto. E isso aconteceu, é claro, em razão do reduzido poder aquisitivo do brasileiro. Logo, e para início de raciocínio, o aumento do salário mínimo tornou-se uma condição básica para uma expansão mais ampla da economia brasileira, com todos os reflexos positivos, econômicos e sociais, que acarreta em cadeia.
 Sempre há, contudo, quem argumente que o aumento do mínimo geraria inflação. E que, se isso viesse a acontecer, qualquer aumento concedido seria anulado pela elevação do custo de vida. Se ocorresse inflação, sim, é verdade, o mínimo seria rapidamente devorado. Mas não será, com certeza, por causa de um salário mínimo de 180 reais que o Brasil vai ter inflação. Se o País já criou os anticorpos que lhe vêm permitindo suportar os reajustes das tarifas públicas e dos preços administrados pelo Governo sem a volta da inflação, não é lógico supor que o aumento do salário vai provocar aumento de preços.
	O raciocínio, na verdade, chega a ser irônico. Entende-se que tudo aquilo que sacrifica o cidadão (o aumento dos combustíveis, da energia elétrica, da água, dos impostos) pode ser administrado sem provocar inflação, mas quando se fala daquilo que beneficia o cidadão (a melhora do seu salário), aparece quem acredite que isso pode ser inflacionário. O raciocínio não é lógico, nem justo. Por que o aumento do salário mínimo provocaria inflação? 
Estudo feito na Câmara dos Deputados pela Comissão Especial do Salário Mínimo resumiu de forma muito didática as três situações em que reajustes salariais podem ser causa de inflação: primeira, quando os reajustes causam pressão nos custos de produção e são repassados aos preços; segunda, quando a ampliação da massa salarial provoca elevação da demanda por bens e serviços; terceira, pela ação do reajuste no agravamento do déficit público. 
	O primeiro fator foi importante no passado, mas não ocorre mais no País, porque a economia hoje está completamente desindexada e também o ambiente de acirrada competição não permite repasse automático de custos para os preços. Qualquer empresário no País sabe disso. A prova disso é a própria ausência de efeitos inflacionários em decorrência de outros importantes aumentos de custos, como o já citado reajuste de tarifas e de combustíveis. 
	De resto, para grande parte da economia, o impacto do aumento salarial nos custos não chega a ser significativo, já que a remuneração dos trabalhadores, evidentemente, é apenas um dos muitos fatores que compõem o custo final do produto. Além disso, o aumento do mínimo não significa a elevação do conjunto da massa salarial dos trabalhadores brasileiros na mesma proporção. Na verdade, um reajuste do salário mínimo que, por hipótese, chegasse a 30% — e não é tanto o que se cogita hoje — provocaria um incremento de apenas 2,9% na massa salarial do País, conforme o estudo já citado. 
	O segundo fator, o efeito inflacionário do eventual aquecimento da demanda, com aumento do consumo, só ocorreria num quadro de demanda já aquecida e com a capacidade industrial instalada já no limite. Não é isso o que acontece atualmente no Brasil. O nível de utilização da capacidade industrial continua relativamente baixo, havendo margem, sem dúvida, para aumento de produção sem efeitos importantes sobre o nível de preços. Aí também não há inflação.
	A grande questão é a terceira, o fator déficit público, e, portanto, cá estamos de volta à discussão do problema central: de onde sai o dinheiro para pagamento dos aposentados da Previdência Social que passariam a ganhar 180 reais? O Ministro Pedro Malan, dias atrás, informou o tamanho da despesa. Aliás, domingo passado, o Presidente da República repetiu, numa entrevista à televisão, os mesmos números. Disse que cada real de reajuste do salário mínimo significa uma despesa a mais de 180 milhões de reais para os cofres públicos. Vale dizer que, se elevarmos o menor salário em mais 30 reais — estão falando em 29 —, estaríamos criando um custo adicional para o Tesouro de 5,4 bilhões de reais, ou trinta vezes 180 milhões de reais. 
Todo o mundo sabe que não é pouca coisa. Se fosse fácil, já teria sido feito há mais tempo. Mas também, a esta altura, todo o mundo já está convencido de que o aumento é bom para o País, é justo, é necessário. Logo, a discussão deve se concentrar neste problema: de onde devem sair os 5,4 bilhões? Sem eles, é claro, não há aumento. Mas não deve também ser por medo deles que se deixe de praticar esse ato de justiça com os já tão sacrificados trabalhadores e aposentados deste País. E, de acréscimo, dar uma nova contribuição para o desenvolvimento econômico. 
	As especulações que se fazem aqui no Congresso, ali no Executivo e na imprensa relacionam diversas hipóteses de obtenção daqueles recursos. Algumas parecem boas, outras absurdas, muitas delas são complexas e merecem uma análise mais profunda. Mas uma coisa é certa: do conjunto delas, somada a boa vontade, a disposição firme do Congresso e do Presidente da República, se encontrará uma solução. 
E a verdade é que a despesa não prevista com os salários, o montante que deveria, portanto, suprir essa despesa, não chega aos tais 5,4 bilhões de reais. Primeiro, exatamente porque a despesa não é 100% imprevista. Algum aumento do mínimo haveria de ser concedido de qualquer forma. Se fosse de 5% a 10% o que o Governo iria dar, mesmo que não houvesse esse debate todo aqui no Congresso, já teríamos aí um comprometimento próprio do Governo com alguma coisa entre um quarto e a metade da conta total. Recursos esses que, por certo, já teriam de ter tido a previsão do Executivo. Por outro lado, não se pode ignorar que o próprio aumento do consumo, provocado pelo aumento do mínimo, haverá de elevar a receita da União. E que, havendo mais consumo, há mais produção e, portanto, mais emprego. Logo, há mais receita tributária. Mais ainda, não pode ser esquecida a receita nova, para a Previdência, que advirá da contribuição maior dos trabalhadores da ativa beneficiados com o novo salário. A conta, afinal, pode ser bem menos assustadora do que os 5,4 bilhões de reais. Deve caber à imaginação criadora do Congresso e do Governo a geração de fontes adicionais que propiciem alguma coisa entre 2 e 3 bilhões de reais. 
Não é sensato sugerir, porém, que uma fonte possível seja o cancelamento do direito dos Parlamentares de fazerem emendas individuais ao Orçamento, porque, nesse caso, estaríamos tirando os recursos de creches, de APAEs, de escolas, de postos de saúde, de infindáveis benefícios pulverizados por este País afora. Para fazer um bem ao povo, através do salário, estaríamos revogando outros benefícios muito importantes para a população. Se fosse a única alternativa, estou certo de que, apesar de tudo, o Congresso haveria de concordar. Mas não é. 
Por outro lado, muito mais do que o custo dessas emendas o Congresso já propiciou de receita para o Governo, por exemplo com a criação da CPMF. Sem o meu voto, mas propiciou.
E logo, ao que tudo indica, vem mais aumento da carga tributária, com a instituição do Fundo de Combate à Pobreza. Por que não se obtém daí parte dos recursos para o salário? Por que não tirar do Fundo os recursos para o salário? É de combate à pobreza que estamos falando. É disso exatamente que estamos tratando quando discutimos a elevação do salário mínimo para 180 reais.
Nada mais coerente do que extrair do Fundo parte do que se precisa para o aumento salarial. E com uma vantagem adicional importante: estaríamos agindo diretamente na diminuição da pobreza sem novos custos operacionais. Estaríamos, de forma precisa, objetiva e eficaz, diminuindo as diferenças de renda e, com isso, combatendo a pobreza através de uma estrutura já montada, organizada e eficiente, que é a própria Previdência Social. 
E a cobrança de impostos dos fundos de previdência? Por que a Justiça, que foi tão rápida e eficaz na elevação dos seus próprios salários, não resolve logo a questão judicial que proporcionaria mais esta substancial fonte de recursos? As alegações levantadas contra essa cobrança não têm, nem de longe, a relevância dos argumentos a favor da elevação salarial. É uma questão de prioridade. E, nesta ótica, esses gigantescos conglomerados financeiros em que se transformaram os fundos de previdência e de pensão certamente devem dar a sua contribuição. 
	Enfim, soluções existem. Num país tão grande, num orçamento tão vasto, num universo tão amplo de tributos, haverá certamente de onde se obter o que se precisa para uma finalidade tão digna, justa e lógica como a melhoria das condições salariais de uma parcela significativa da nossa população. 
	O mérito, felizmente, parece já estar fora de discussão. Todos concordam que o salário mínimo deve ser elevado para o patamar de 180 reais. Afinal, Sr. Presidente, Srs. Deputados, um governo existe e cobra impostos justamente para organizar as relações sociais e favorecer aqueles que se defrontam com maiores dificuldades econômicas e sociais. Um governo se legitima à medida que corresponde aos anseios da população que representa e a quem se destina a servir. É para isso que existe governo. É para isso que estamos aqui.
	Hoje, toda a sociedade brasileira está ansiosa por um maior equilíbrio social. Diminuir as desigualdades significa devolver a muitos brasileiros a identidade com sua Pátria, o orgulho de compor a sociedade brasileira. Permitir que a pessoa se sinta parte integrante da sociedade, cidadão do País, este é o verdadeiro sentido da inclusão. Mas o alcance deste grau de cidadania e de civilização exige um esforço concentrado, muito grande, de todos os segmentos sociais para melhorar a distribuição de renda no País.
O Brasil tem uma enorme dívida com seu povo. Nosso País está situado entre as dez maiores economias do mundo, e nenhuma das outras nove nações desse privilegiado grupo tem uma distribuição de renda tão desigual quanto a nossa. A histórica inapetência para enfrentar este problema tem nos custado um alto preço: o atraso e a perda de competitividade. Assim, além de um imperativo moral, a redução das desigualdades sociais é um imperativo de ordem prática, de ordem econômica, pois é impossível, no mundo de hoje, manter-se na posição já conquistada e, menos possível ainda, avançar sem que se vença a miséria, a ignorância, a doença e a exclusão social. 
O Governo do Presidente Fernando Henrique fez muito nessa direção. É preciso, para ser justo, reconhecer que a contenção da inflação, que a proteção do poder aquisitivo dos salários foi uma imensa, inestimável contribuição para a melhoria da renda e da dignidade do trabalhador. Sem isso não nos adiantaria estarmos discutindo o salário mínimo, porque qualquer reajuste que se concedesse estaria, em alguns dias, devastados pelo confisco da inflação. E o Governo vem também enfrentando a desigualdade com políticas que aperfeiçoam a capacidade do Estado na aplicação dos seus recursos e com ações que visam melhorar as condições de educação e de saúde da sociedade. Aí estão, por exemplo, o Fundo de Valorização do Professor, o Programa Comunidade Solidária e o Programa dos Agentes Comunitários de Saúde. 
Mas, por mais que se tenha conseguido, ainda é pouco. A herança histórica da deterioração do poder aquisitivo do salário mínimo impõe a necessidade de novas medidas, de mais audácia e mais coragem. Tenho certeza de que cada um dos Parlamentares que me ouve, os Ministros e certamente o Presidente da República sentem a mesma vergonha que eu sinto quando sento à mesa para uma refeição e sei que tantos brasileiros, que trabalham oito horas por dia, não têm condições salariais para garantir a alimentação da sua família; ou quando falo com um aposentado, que diz, muitas vezes com lágrimas no olhos, que o dinheiro que ganha não é suficiente para comprar os medicamentos de que necessita.
É preciso fazer mais. E o melhor investimento social que se pode fazer é a elevação de renda daqueles que ganham menos. 
O País voltou a crescer. Comecei este discurso citando os números animadores do aumento do Produto Interno Bruto Brasileiro, nos primeiros nove meses deste ano, em relação aos nove primeiros meses de 1999. A riqueza nacional aumentou. Os números divulgados, repito, são animadores. De janeiro a setembro deste ano crescemos quase 4% a mais do que no mesmo período do ano passado. 
O bolo da prosperidade mostra sinais de que responde aos estímulos positivos que o Governo, o Congresso e a Nação têm, com sacrifício, criado nos últimos anos. Não vamos ser insensíveis. Pelo contrário, chegou a hora de mostrar sensibilidade. Vamos trazer para a mesa, para repartir o alimento, o maior número possível de brasileiros. E um belíssimo instrumento para isso é o aumento, real, do salário mínimo.
Precisamos, todos, persistir na busca da cidadania plena, de uma vida mais digna para o trabalhador e para o aposentado que dependem do salário mínimo. Esta é a missão que nos compete agora: viabilizar o valor de 180 reais para o menor salário do País. Nós, que estamos aqui para representar o povo brasileiro, haveremos de honrar o mandato que nos foi outorgado. Não vamos faltar com nosso dever. E nosso dever agora é garantir o salário mínimo de 180 reais.
Muito obrigado, Sr. Presidente, Srs. Deputados, pela atenção."
2000-12-28T15:04;CONCLUSÕES, (CPI), CÂMARA MUNICIPAL, IRREGULARIDADE, PAVIMENTAÇÃO, VIA PÚBLICA, COMPROMETIMENTO, PREFEITO, SECRETÁRIO MUNICIPAL, (SC)..;PEQUENO EXPEDIENTE;"O SR. PAULO GOUVÊA (PFL-SC. Pronuncia o seguinte discurso.) - Sr. Presidente, Sras. e Srs. Deputados, o PT, quando se autoproclama o ""campeão da moralidade e da transparência"", está praticando propaganda enganosa. Anuncia uma postura que, na vida real, não acontece. O cidadão, o eleitor, está sendo ludibriado pelo marketing que o PT faz de uma moralidade que não pratica.
Prova disso são as conclusões a que chegou a CPI das Obras no Município de Blumenau, Santa Catarina. O que ali se descobriu é de matar de vergonha o eleitor da minha cidade, que, na boa-fé, acreditou na propaganda da transparência e da moralidade e reelegeu o Prefeito da cidade.
A CPI, instalada após as eleições de outubro, revelou que a prefeitura fazia pagamentos a empreiteiras correspondentes a trabalhos de patrolamento e macadamização de ruas que há anos já estão pavimentadas; que a administração do PT pavimentou ruas particulares com pedras tiradas da tradicional Rua XV de Novembro, reurbanizada pelos lojistas locais, e da Av. Castelo Branco. E daí por diante.
Os líderes do PT de Blumenau alegam que isso tudo são intrigas de Vereadores da oposição. Não, Sr. Presidente. Tanto não são meras cogitações que o Secretário de Obras e outros auxiliares já foram afastados dos seus cargos. A própria administração reconhece, portanto, a bandidagem que campeia no setor de obras da prefeitura.
Mas, nesse caso, não estaria a administração agindo, senão com moralidade, pelos menos com transparência, já que afastou os auxiliares diretamente envolvidos? Não, Sr. Presidente. A administração do PT só pôs alguns dos larápios para a rua quando os fatos se tornaram públicos. Até então, o que o PT fez foi um grande esforço para impedir a investigação. Os Vereadores petistas e seus aliados fizeram tudo o que era regimental e politicamente possível para torpedear a CPI. Recorreram até a justiça para calar a CPI e parar a investigação.
As descobertas da CPI das obras e a preocupação do PT em ocultar os fatos permitem a suposição de que outras CPIs — no setor de saúde, por exemplo — poderiam levar a novas e dolorosas revelações.
Na Prefeitura de Blumenau, administrada pelo PT, não há moralidade e não há nenhuma transparência. Alias, o ultimo balancete bimestral publicado pela prefeitura é de março e abril. Como aquele balancete já evidenciava um rombo nas finanças municipais, nunca mais outro foi divulgado.
Pode-se enganar algumas pessoas todo o tempo, e pode-se enganar todas as pessoas durante algum tempo, mas não é possível iludir todas as pessoas todo o tempo. A falsa moralidade e a opaca transparência do PT vieram à luz em Blumenau, Santa Catarina. Isso nos permite acreditar que se em outros Municípios do País os Vereadores procedem com a mesma coragem dos Vereadores da minha cidade, tornando cada vez mais transparente que moralidade e transparência não passam de propaganda enganosa do PT."
2001-02-20T15:16;HOMENAGEM, ANIVERSÁRIO, EMANCIPAÇÃO POLÍTICA, AUTONOMIA ADMINISTRATIVA, CIDADE, (SC).;PEQUENO EXPEDIENTE;"O SR. PAULO GOUVÊA (Bloco/PFL-SC. Pronuncia o seguinte discurso.) - Sr. Presidente, Sras. e Srs. Deputados, no último dia 17, a Capital Brasileira do Chester comemorou 52 anos de emancipação político-administrativa. O título pertence a Capinzal, onde a empresa Perdigão instalou, na década de 80, a granja de matrizes, o parque criatório e o abatedouro dessa ave de carne macia e de sabor requintado que é exportada para a América, Europa e Oriente Médio.
A história de Capinzal tem início no final do século XIX, com a chegada à região do fazendeiro Antônio Lopes, que implantou uma agropecuária rudimentar. O povoado experimentou uma grande virada a partir de 1906, quando chegaram os descendentes de imigrantes italianos oriundos do Rio Grande do Sul. Em 1914, o povoado se tornaria distrito, situação que persistiu até sua emancipação, em 17 de fevereiro de 1949.
Capinzal deve seu nome a uma grande plantação de capim paulista que servia de alimento para os animais transportados entre os Estados do Sul. Essa vinculação com a criação animal é uma das marcas do Município, que produz  aves, suínos e pecuária em geral. Erva-mate e artigos de cerâmica também estão no topo da produção local.
Esse Município com 207 quilômetros quadrados, situado no meio oeste catarinense, é predominantemente constituído por descendentes de italianos, gente alegre, comunicativa e laboriosa, que soube construir um município desenvolvido e promissor. É a essa gente que envio minha saudação e meus parabéns nesta ocasião, desejando que persevere na trilha do progresso e do bem-estar.  Os 52 anos do Município merecem ser comemorados com entusiasmo pelos capinzalenses  que acreditam na sua terra e confiam em sua força e em seu futuro. 
Parabéns, Capinzal."
2001-02-21T15:20;INDICAÇÃO, (MPAS), EDIÇÃO, DECRETO FEDERAL, AUMENTO, PRAZO, VALIDADE, CERTIDÃO NEGATIVA, DÉBITO PREVIDENCIÁRIO, (INSS).;APRESENTAÇÃO DE PROPOSIÇÃO;"O SR. PAULO GOUVÊA (Bloco/PFL-SC. Sem revisão do orador.) – Sr. Presidente, comunico a V.Exa. que encaminhei hoje à Mesa indicação ao Ministério da Previdência e Assistência Social, em que solicito seja ampliado por decreto o prazo de validade do Certificado de Negativa de Débito — CND, dos atuais 60 para 180 dias, tempo máximo permitido em lei.
	É uma dor de cabeça para todas as empresas do País produzir seu CND e refazê-lo a cada sessenta dias.
	Apelo para o Ministério da Previdência e Assistência Social no sentido de atender a esse pedido do empresariado nacional."
2001-03-07T15:14;IMPUNIDADE, CORRUPÇÃO, POLÍTICA.;PEQUENO EXPEDIENTE;"O SR. PAULO GOUVÊA (Bloco/PFL-SC. Pronuncia o seguinte discurso.) - Sr. Presidente, Sras. e Srs. Deputados, a morte do Governador Mário Covas provocou um lamento tão unânime, e tão dolorido, na opinião pública do País, que só encontra explicação num fato: o exemplo de seriedade e de compostura que ele deu à Nação numa época em que a questão da moralidade tanto preocupa os brasileiros. O desaparecimento de Covas deve, portanto, nos estimular à reflexão deste tema que hoje é crucial para nós, Parlamentares, e para todos os brasileiros: a questão da ética na vida pública.
Cada brasileiro sofre diariamente a vergonha de ver  na imprensa a revelação de algum escândalo envolvendo políticos do nosso País. Para aqueles que, como nós, são políticos, o vexame é ainda muito maior, porque o povo que  representamos nem sempre distingue o bandido do honesto, e na confusão muitos pensam que todo o político é safado. Isso é muito duro para quem leva o seu mandato a  sério. 
Sempre resta a explicação, e a desculpa, de que a imprensa exagera na divulgação do que está errado e omite, com freqüência, as ações honestas e construtivas. Isso é verdade, mas não adianta reclamar. Isso é da natureza da imprensa. É lei, na comunicação social, que ""a melhor notícia é a má notícia"", e nós não temos o poder de revogá-la. E a verdade, convenhamos, é que, superestimada ou não, a desonestidade é um fato na atividade pública.
O que nós políticos temos de fazer é tomar as medidas necessárias para evitar que a imoralidade aconteça. As constrangedoras circunstâncias que, não raramente, envolvem a transferência de Parlamentares de um partido para outro, torna imperativo que se imponha mais rigor à fidelidade partidária. Por outro lado, a freqüente impunidade de políticos corruptos e de políticos que são delinqüentes na sua vida particular mostra a absoluta necessidade de restringir-se a imunidade parlamentar. O princípio que na origem estava a serviço da independência política e do livre direito à opinião foi de tal maneira ampliado que transformou-se em salvo-conduto para a prática de crimes comuns. 
Se o Congresso Nacional começar por aí, já estará fazendo um grande bem para a sociedade e também para si próprio, para sua dignidade. Depois viria, quem sabe, a proibição da nomeação de parentes para cargos públicos e a prescrição de penas rigorosas para todos os atos que atentarem contra a ética política e administrativa. Feito isso, nós, os políticos, teremos estabelecido as condições para que a moralidade se sobreponha à safadeza. O próprio meio político terá criado os anticorpos que combaterão o mal da indecência na vida pública."
2001-03-14T15:42;ANIVERSÁRIO, EMANCIPAÇÃO POLÍTICA, AUTONOMIA ADMINISTRATIVA, CIDADE, (SC).;PELA ORDEM;"O SR. PAULO GOUVÊA (Bloco/PFL-SC. Pela ordem. Pronuncia o seguinte discurso.) – Sr. Presidente, Sras. e Srs. Deputados, um pedaço da Itália no Vale do ltajaí – assim é Rodeio, a mais italiana das cidades catarinenses, Município que comemora hoje 64 anos de emancipação político-administrativa.
	A vida dos rodeienses está centrada nas origens de sua fundação, realizada em  1875 por 114 famílias oriundas do Tirol. Vinham de Trento, que sofria as graves conseqüências decorrentes das guerras de independência da Itália. O Dr. Otto Blumenau, administrador da colônia, reservou-lhes lotes em lugar inóspito e coberto de matas, ao longo da Picada de Rodeio. À frente da colonização estava o frei franciscano Lucínio Korte, considerado co-fundador de Rodeio.
	A natureza respondeu com bons resultados agrícolas ao esforço daquela gente de luta, que realizou um sonho com suor, trabalho, religiosidade e muita alegria, características que permanecem vivas na boa gente de Rodeio.
	A produção de arroz, banana, fumo e alimentos de subsistência é a base agrícola do Município. A indústria começou a tomar vulto a partir de 1980, com destaque para o setor têxtil, as fábricas de esquadrias, o beneficiamento de madeira e a agroindústria. 
Rodeio desenvolve-se preservando sua identidade. Todas as crianças têm sua família, os velhos são assistidos, o analfabetismo não tem vez e a mão-de-obra é eficiente.
Rodeio criou eventos com fama que ultrapassa Santa Catarina: o Baile do Vinho, o teatro da Paixão, a procissão de Corpus Christi e a festa La Sagra, originada nos antigos costumes italianos de festejar o santo padroeiro, reunindo amigos e familiares em grande comemoração. Lá estão os grupos folclóricos, as comidas típicas, o café colonial, a dança e o vinho.
Na data em que se celebra a emancipação de Rodeio, quero saudar a boa, alegre e laboriosa gente rodeiense. Sua forma de ser e de agir é inspiração para os que querem fazer de sua terra um lugar melhor para viver."
2001-03-21T14:02;"MUNICÍPIO,TIMBÓ, VALE DO ITAJAÍ, (SC), ANIVERSÁRIO, AUTONOMIA POLÍTICA,  EMANCIPAÇÃO POLÍTICA, AUTONOMIA ADMINISTRATIVA.
REGISTRO HISTÓRICO, ANTROPOLOGIA, ETNOLOGIA, ECONOMIA.";PEQUENO EXPEDIENTE;"O SR. PAULO GOUVÊA (Bloco/PFL-SC. Pronuncia o seguinte discurso.) – Sr. Presidente, Sras. e Srs. Deputados, no centro da concha formada pelo Vale do Itajaí, no Estado de Santa Catarina, localiza-se um Município que, por esta circunstância, é conhecido como a Pérola do Vale. É Timbó, que no próximo dia 25 completa 67 anos de autonomia política e administrativa.
	Mas a história de Timbó deita suas raízes na segunda metade do século passado Em 1869, o imigrante alemão Frederico Donner construiu a primeira moradia no núcleo inicial, em região cujos lotes haviam sido medidos pela equipe do Dr. Blumenau. Aos 26 anos, Donner iniciava uma empreitada cheia de incerteza e de risco, mas que escondia também um belo sonho que alimentava desde sua chegada ao País, com apenas 14 anos de idade. A ele se juntaram os Scheidemantel, Decker, Brandt, Strelow, Benz, Krause, Fuck, Butzke, Adam e tantos outros imigrantes alemães, aos quais se juntariam depois imigrantes italianos, trentinos principalmente.
	Timbó foi elevado, em 1922, a Distrito de Blumenau, do qual se emanciparia doze anos depois, em 25 de março de 1934, tendo à frente o interventor Capitão Ernesto João Nunes.
	A vida política catarinense teve expressiva participação de Timbó por um bom período. De lá saíram seis Deputados Estaduais. Numa mesma Legislatura (1959-1962), o Município teve três de seus filhos na Assembléia Legislativa.
	A indústria é responsável por 80% do movimento econômico do Município, destacando-se os setores têxtil, metalúrgico, mecânico, de máquinas e equipamentos. Mas também são destacados os setores do comércio, de serviços e a produção agrícola, agrupada em dez comunidades rurais. Seus membros dedicam-se ao cultivo do arroz, milho e banana, à bovinocultura de leite, apicultura e à piscicultura, atividade fortemente impulsionada pela Fundação de Piscicultura Integrada do Vale do Itajaí (FUNPIVI), que nasceu da parceria entre o Governo (Municipal e Federal), o Governo da Hungria e a Universidade Regional de Blumenau.
	O timboense trabalhador é o mesmo que sabe divertir-se nas típicas sociedades de caça e tiro, que cultiva suas tradições nos grupos folclóricos, que se dedica ao esporte e nele consegue ter nomes de distinção, corno Rosemar Piazza (doze vezes recordista nacional na marcha atlética) ou Ruth Hoepke e Carmem Stedile (balonistas de expressão nacional).
	Essas breves referências revelam-nos um pouco do espírito da gente timboense, cujo Município no próximo domingo celebra 67 anos de vida autônoma. É preciso louvar e saudar essa boa gente, que, a cada dia, sabe preservar as belezas da Pérola do Vale, cultiva o trabalho e valoriza o esforço de construção de um Município ainda mais forte e progressista.
	É o que faço nesta Casa, enviando os parabéns a todos os timboenses."
2001-03-22T09:26;"DUPLICIDADE, RODOVIA, (SC), CORREDOR DE EXPORTAÇÃO, DESENVOLVIMENTO ECONÔMICO, REUNIÃO, BANCADA, CONGRESSO NACIONAL, DOTAÇÃO ORÇAMENTÁRIA, EXERCÍCIO FINANCEIRO SEGUINTE.
CONTESTAÇÃO, CRIAÇÃO, (CPI), CORRUPÇÃO, EXECUTIVO, INTERESSE, NATUREZA POLÍTICA.
(CPI), OBRA PÚBLICA, PREFEITURA MUNICIPAL, MUNICÍPIO, BLUMENAU, (SC), TENTATIVA, PREFEITO, IMPEDIMENTO, CRIAÇÃO.
FERNANDO HENRIQUE CARDOSO, PRESIDENTE DA REPÚBLICA, MUNICÍPIOS, INDAIAL, GUARAMIRIM.";BREVES COMUNICAÇÕES;"O SR. PAULO GOUVÊA (Bloco/PFL-SC. Sem revisão do orador.) - Sr. Presidente, Sras. e Srs. Deputados, ocupo hoje esta tribuna para defender a duplicação das Rodovias BR-470 e BR-280 no Estado de Santa Catarina, e também para anunciar as medidas que já estão sendo tomadas a fim de que essas obras cruciais para o desenvolvimento do meu Estado sejam concretizadas.
	No dia de ontem, em reunião do Fórum Parlamentar Catarinense, que reúne nossos Deputados e Senadores, ficou definido que, já no próximo mês de abril, será levada ao Presidente da República e aos Ministros do Planejamento e dos Transportes a reivindicação do povo catarinense, para que a duplicação das duas rodovias seja incluída na proposta orçamentária do Governo Federal para o ano de 2002. A bancada definiu os primeiros trechos a serem, prioritariamente, objeto das obras: na BR-470, 25 quilômetros entre Blumenau e Indaial, e na BR-280, 19 quilômetros entre Guaramirim e o entroncamento com a BR-101.
Com relação à BR-470, o Governador Esperidião Amin já determinou a elaboração, por conta do Governo estadual, do projeto final de engenharia. Da BR-280, o próprio DNER está cuidando de que se façam os projetos. Tudo ficaria pronto para que as obras fossem executadas a partir do primeiro semestre do próximo ano. Por isso, torna-se imprescindível que os recursos sejam devidamente alocados.
As duas rodovias são os dois grandes corredores de exportação do Estado de Santa Catarina. Por elas passam as cargas que, através dos Portos de Itajaí e de São Francisco do Sul, são exportadas para todo o mundo ou enviadas para os demais portos brasileiros. As duas vias hoje estão completamente congestionadas, obstruindo o desenvolvimento mais pleno desse extraordinário movimento de cargas e de riquezas de Santa Catarina e do Brasil.
Quero ainda, Sr. Presidente, Sras. e Srs. Parlamentares, utilizar a segunda metade do tempo que me cabe para apresentar minha posição sobre a chamada CPI da Corrupção. Falo, evidentemente, em meu nome. Posto que seja Vice-Líder do PFL, não estou autorizado a falar pelo partido. 
Assim como todos os meus colegas, tenho sido insistentemente procurado para assinar a lista de apoio à formação da CPI. Quero dizer, Sr. Presidente, em claro, alto e bom som, que não assinei nem vou assinar o requerimento para instalação dessa CPI da corrupção. Tenho vários motivos. Um deles é bastante claro: meu partido, o PFL, em reunião recente, decidiu manter-se na base do Governo, apoiando o programa de governo do Presidente Fernando Henrique Cardoso. É evidente que quem está na base do Governo, quem apóia o Governo, não pode apoiá-lo apenas quando está tudo bem, quando está sendo aplaudido, mas também e especialmente nos momentos difíceis. É nesses momentos que temos de manter lealdade. 
Poderia ainda apresentar motivos de ordem econômica, que já têm sido ventilados nesta Casa. De fato, depois de anos de enormes dificuldades, estamos vivendo um momento muito especial, no qual acontece quase um milagre econômico no nosso País, com a volta do crescimento, o retorno do emprego e, ao mesmo tempo, a estabilidade da moeda. É claro que agora não podemos seguir um caminho de turbulência para prejudicar esse desenvolvimento. 
Mas, Sr. Presidente, a principal razão não é nenhuma dessas duas. A principal razão é o fato de que essa CPI já está viciada pelo prejulgamento. Em uma CPI que já se intitula CPI da corrupção não há isenção alguma. A CPI precisa analisar para julgar. Se é a CPI da corrupção, já está manchada pelo vício do prejulgamento, já está contaminada pela decisão preliminar e anterior de fazer não uma investigação isenta, mas um palanque político. Aliás, uma CPI que se instala no ano que antecede uma eleição presidencial realmente não pode ter isenção alguma.
	No ano passado, no meu Município de Blumenau, apoiei politicamente a formação de uma CPI, numa situação curiosa. No meu Município, o Prefeito é do PT. Os Vereadores ficaram meses tentando formar a CPI, e o Prefeito, juntamente com o Partido dos Trabalhadores, lutou com todas as armas possíveis para impedir que ela fosse instalada. Diziam que era uma CPI política. Não era uma CPI sobre corrupção na Prefeitura ou sobre irregularidades, era somente para investigar obras. O Prefeito chegou a entrar na Justiça para tentar impedir a instalação da CPI, afirmando que ela era política.
	Sr. Presidente, Sras. e Srs. Deputados, se essa CPI da Prefeitura de Blumenau fosse sobre a corrupção na Prefeitura, eu também não a teria apoiado. Acredito que a corrupção e a irregularidade podem aparecer a posteriori. Se previamente, no próprio nome, a CPI já traz esses conceitos, não há isenção. Portanto, repito, não assinei nem vou assinar o pedido para instalação dessa CPI. As pessoas que estão na base do Governo e são leais ao Presidente Fernando Henrique Cardoso não podem assiná-lo.
	Muito obrigado."
2001-03-28T16:38;ANIVERSÁRIO, EMANCIPAÇÃO POLÍTICA, AUTONOMIA ADMINISTRATIVA, CIDADE, (SC), ATIVIDADE ECONÔMICA, PRODUÇÃO, CELULOSE, PAPEL, PRODUÇÃO AGROPECUÁRIA.;PELA ORDEM;"O SR. PAULO GOUVÊA (Bloco/PFL-SC. Pela ordem. Pronuncia o seguinte discurso. ) – Sr. Presidente, Sras. e Srs.  Deputados, o Município de Vargem Bonita comemora, no próximo dia 30, seu 9º aniversário de emancipação político-administrativa. Situada no meio-oeste catarinense e construída às margens da BR-282, Vargem Bonita tem 5.550 habitantes que, em grande parte, trabalham no setor de celulose e papel.
	A principal empresa do Município, que se dedica à produção de celulose, pasta mecânica, papel jornal e papel para embalagem de produtos alimentícios, é a Celulose Irani. A empresa tem duas unidades fabris, localizadas em Campina da Alegria e em Campina Redonda, e sua auto-sufiência em matéria vegetal é garantida por 15 mil hectares de área reflorestada.
	A vila Campina da Alegria é uma verdadeira minicidade construída pela empresa, tendo toda a infra-estrutura necessária para o atendimento dos empregados e seus dependentes. Possui hospital, cinema, ginásio de esportes, calçamento nas ruas principais, iluminação pública e água tratada.
	Além da produção de celulose e papel, Vargem Bonita industrializa portas e compensados, com vendas no Brasil e no exterior. Os principais produtos agrícolas do Município são erva-mate, milho, fumo e trigo. Na pecuária, a produção está voltada para a criação de frangos, suínos e bovinos de corte.
	Embora jovem ainda, o Município pode orgulhar-se de sua gente, seu maior patrimônio. Os vargem-bonitenses são ordeiros, dedicados ao trabalho e à família. Esses valores constituem a base sólida sobre a qual está sendo construído um Município forte e com perspectivas concretas de progresso.
	É a essa gente que saúdo e presto minha homenagem. Homenagem pelo que já realizou. Saudação pelo que realiza e ainda realizará. É a essa gente que me associo para desejar sempre maior desenvolvimento e muitas felicidades. Parabéns, Vargem Bonita."
2001-03-29T10:16;"PROJETO DE LEI COMPLEMENTAR, ALTERAÇÃO, CÓDIGO TRIBUTÁRIO NACIONAL, LEI COMPLEMENTAR, SIGILO BANCÁRIO, DISPENSA, INSTITUIÇÃO FINANCEIRA, BANCOS, FAZENDA PÚBLICA, SECRETARIA DA RECEITA FEDERAL, OBRIGAÇÃO, SIGILO, CONTA BANCÁRIA, NATUREZA FISCAL, AGENTE, NATUREZA POLÍTICA, CARGO ELETIVO, SERVIDOR, CARGO PÚBLICO, AUTORIZAÇÃO, QUEBRA DE SIGILO.
CONTESTAÇÃO, CRIAÇÃO, (CPI), CORRUPÇÃO, ADMINISTRAÇÃO PÚBLICA, INTERESSE, NATUREZA POLÍTICA.
CRÍTICA, MOVIMENTO, PREFEITO, (SC), PROTESTO, LEI FEDERAL, RESPONSABILIDADE FISCAL.
DADOS, RELATÓRIO, TRIBUNAL DE CONTAS, (SC), PRESTAÇÃO DE CONTAS, PREFEITURA MUNICIPAL, CÂMARA MUNICIPAL, EXERCÍCIO FINANCEIRO ANTERIOR, ENQUADRAMENTO, DESPESA, GASTOS PÚBLICOS, PESSOAL, OPERAÇÃO FINANCEIRA, REMUNERAÇÃO, VEREADOR.
FERNANDO HENRIQUE CARDOSO, PRESIDENTE DA REPÚBLICA.";BREVES COMUNICAÇÕES;"O SR. PAULO GOUVÊA (Bloco/PFL-SC. Sem revisão do orador.) – Sr. Presidente, Sras. e Srs. Deputados, quero abordar dois assuntos nesta manhã.
Em primeiro lugar, quero comunicar à Casa que acabei de protocolar junto à Mesa projeto de lei complementar que prevê que os agentes públicos de todos os Poderes, nomeados ou eleitos, terão automaticamente seus sigilos bancário e fiscal quebrados.
	Entendo que quem é representante do povo, quem recebe dos cofres públicos não tem o privilégio de sigilo bancário e fiscal, como é o caso do cidadão comum, e tem que ter suas movimentações financeiras permanentemente à disposição de quem quiser delas tomar conhecimento.
	Sr. Presidente, não assinei e não vou assinar o pedido de CPI da Corrupção. Já dei as minhas razões. Aliás, no Jornal da Câmara de hoje há um artigo de minha autoria sobre este assunto, mostrando que a CPI é política, inoportuna, preconcebida e vai causar muito mais prejuízo do que benefício ao País. 
Agora, isto não significa que não devamos tomar medidas efetivas contra a corrupção. Precisamos criar anticorpos, tomar medidas que evitem novos casos de corrupção. Precisamos tornar mais rigoroso o princípio da fidelidade partidária, acabar com a imunidade parlamentar para crimes comuns. Temos também de tornar automática e obrigatória, como está no meu projeto de lei complementar, a quebra do sigilo bancário e fiscal de quem quer que seja, desde que agente político.
O segundo assunto a que quero me referir, Sr. Presidente, é a Lei de Responsabilidade Fiscal. Essa lei foi aprovada com o voto entusiasmado da grande maioria desta Casa, mas tem sido objeto de controvérsia, de críticas de parte dos administradores públicos deste País.
	A lei, sem dúvida nenhuma, está demonstrando cada vez mais que corresponde ao anseio da sociedade brasileira em relação exatamente à moralização da administração pública. O princípio básico, aquilo que a inspira e que qualquer dona de casa do País sabe é o de que não se pode gastar mais do que se arrecada. É exatamente isso que o povo brasileiro acha que tem de acontecer na administração pública.
	No entanto, há quem reclame. No Estado de Santa Catarina, alguns Prefeitos estão-se movimentando para, como já aconteceu em outras ocasiões, virem aqui participar de movimentos contra a Lei de Responsabilidade Fiscal. Acho isso completamente inoportuno, porque recentemente foram divulgados pelo Tribunal de Contas do Estado de Santa Catarina dados comprovando que os Prefeitos não devem ter nenhum receio. O argumento de que a lei é de difícil aplicação prática, que é um garrote na administração, que poucos Prefeitos vão poder cumpri-la, não corresponde à verdade. 
O Tribunal de Contas de Santa Catarina demonstrou, outro dia, num relatório, que dos 293 Municípios do Estado, 274 Prefeituras e 214 Câmaras de Vereadores remeteram àquele Tribunal, via Internet, seus relatórios de gestão fiscal. A análise dos dados apresentados revela um quadro que contesta claramente aquela afirmação da difícil aplicação da Lei de Responsabilidade Fiscal.
Alguns exemplos são significativos, no caso de Santa Catarina. Nos últimos quatro meses do ano passado, 96% dos Executivos e 98% dos Legislativos Municipais mantiveram-se dentro dos limites de despesas com pessoal; os limites para operações de crédito foram respeitados por 99% dos Municípios; 98% dos Legislativos Municipais observaram o limite estabelecido para a remuneração dos Vereadores, que é de até 75% da remuneração de Deputado Estadual; o limite com remuneração anual de Vereadores (até 5% da receita do Município) foi respeitado por 100% dos Legislativos.
Esses dados referem-se, repito, ao último quadrimestre de 2000, período em que a Lei de Responsabilidade Fiscal entrou em vigor. Não posso acreditar que Santa Catarina seja uma honrosa exceção. Isso prova que a Lei de Responsabilidade Fiscal veio para ficar.
	Muito obrigado."
2001-04-05T10:50;PRIORIDADE, APROVAÇÃO, PROPOSTA, EMENDA CONSTITUCIONAL, ALTERAÇÃO, SISTEMA TRIBUTÁRIO NACIONAL, INCLUSÃO, AUTORIZAÇÃO, UNIÃO FEDERAL, ESTADOS, MUNICÍPIOS, (DF), COBRANÇA, TRIBUTOS, TAXAS, SERVIÇO, ILUMINAÇÃO PÚBLICA.;BREVES COMUNICAÇÕES;"O SR. PAULO GOUVÊA (Bloco/PFL-SC. Pronuncia o seguinte discurso.) - Sr. Presidente, Sras. e Srs. Deputados, dentre os muitos assuntos que hoje preocupam os Municípios brasileiros, venho hoje abordar um que, pela sua importância e urgência, merecem a especial atenção desta Casa. 
Está em tramitação no Congresso Nacional a Proposta de Emenda à Constituição de nº 222-A, de 2000, de autoria do nobre Deputado Juquinha, que torna constitucional a cobrança, pelos Municípios, da taxa de iluminação pública.
É de todos sabido que grande parte dos Municípios brasileiros vinha cobrando esse tributo para custear as suas despesas com a iluminação dos logradouros públicos. No entanto, o Supremo Tribunal Federal tem firmado jurisprudência no sentido de considerar a sua cobrança inconstitucional. É que o art. 145, inciso II, da Carta Magna define as taxas, ""em razão do exercício do poder de polícia ou pela utilização, efetiva ou potencial, de serviços públicos específicos e divisíveis, prestados ao contribuinte ou postos a sua disposição"". 
A iluminação pública não tem sido considerada um serviço específico e divisível, a ser cobrado de cada contribuinte. Ela é um serviço genérico, cujo custo não pode, na prática, ser apropriado a cada cidadão contribuinte que venha a pagá-lo. Por isso a Suprema Corte tem vedado aos Municípios o poder de criar a taxa de iluminação pública. Este óbice jurídico, porém, deixa as Prefeituras do Brasil carentes de um recurso orçamentário que lhes é absolutamente necessário para fazer face às despesas com a iluminação das suas ruas e praças. 
Em boa hora surgiu a Proposta de Emenda à Constituição nº 222-A, de 2000, que efetua uma pequena alteração no inciso II do art. 145 do texto constitucional, ao dizer explicitamente: ""taxas, pela utilização do serviço de iluminação pública, bem como..."" etc. A explicitação da possibilidade de criação desta taxa, no texto da Magna Carta, virá dirimir quaisquer dúvidas quanto à sua constitucionalidade e dar segurança aos Municípios brasileiros que quiserem instituí-la na sua legislação.
É preciso aqui reiterar a urgente necessidade deste recurso para poderem as municipalidades do País arcar com as despesas de iluminação pública. Para citar um exemplo, o Município de Florianópolis despende mensalmente a importância de 500 mil reais, ou 6 milhões de reais por ano, para manter a iluminação pública em funcionamento, sem contar a implantação de novos projetos e sistemas de iluminação. Esse serviço público afeta diretamente a segurança da população, principalmente os trabalhadores noturnos e os estudantes que freqüentam aulas à noite. Também o turismo exige uma boa iluminação pública das ruas, praças e pontos de visitação. 
É bom lembrar que, a permanecer a proibição constitucional de os Municípios estabelecerem a taxa de iluminação pública, muitos destes, pelo Brasil afora, ver-se-ão na contingência de dar calote nas concessionárias de energia elétrica e ficar, em decorrência, às escuras nas suas avenidas, praças e ruas.
Assim, venho desta tribuna reafirmar o meu apoio e solicitar o dos nobres pares do Congresso Nacional para a aprovação da PEC nº 222-A, de 2000, de modo que os Municípios brasileiros possam voltar a cobrar a taxa de iluminação pública, com a garantia constitucional da sua legitimidade e juridicidade.
Em 15 de março do corrente ano de 2001, a Mesa Diretora desta Casa criou a Comissão Especial destinada, conforme o art. 202 do Regimento Interno, a proferir parecer sobre a referida PEC nº 222, de 2000. 
Que os nobres Parlamentares, atendendo à carência de recursos dos Municípios brasileiros, priorizem a aprovação dessa proposta. É o apelo que faço desta tribuna. 
	Sr. Presidente, Sras. e Srs. Deputados, desejo ainda abordar outro assunto. O dia 7 de abril marca a data de emancipação político-administrativa de Ascurra, Município localizado no médio Vale do Itajaí, desmembrado de Indaial em 1963, com cerca de 7 mil habitantes, a maioria de origem italiana — lombardos, vênetos e trentinos.
Ascurra nasceu às margens do ribeirão São Paulo, tendo à frente o pioneiro Giovanni Buzzi, líder do primeiro grupo de italianos que lá se estabeleceu em 1876, por determinação do fundador de Blumenau. Eram em geral camponeses pobres, atraídos às vezes por promessas enganosas. Muitos se desiludiram e retornaram à terra natal. Outros procuraram lugares mais propícios. Os remanescentes dedicaram-se à agricultura — ainda hoje a principal atividade econômica do Município, principalmente a produção de arroz irrigado. Neste setor, Ascurra buscou especializar-se na produção de sementes, que atendem os orizicultores de toda a região.
Outro ponto de apoio da economia municipal é a indústria, notadamente os setores têxtil, madeireiro e de beneficiamento de arroz.
Religiosidade, trabalho e alegria, essas são as grandes características da boa gente de Ascurra, que no próximo dia 7 comemora 39 anos de emancipação. Aos ascurrenses dirijo minha saudação e os votos de muito progresso para si e para seus filhos. Cumprimento a administração municipal — comandada pelo Prefeito Aleandro Dalfovo e pelo Vice-Prefeito Silvino Stedile — e os dignos Vereadores pelo que estão realizando em Ascurra, seguramente um dos belos exemplos de esforço solidário da gente da minha terra.
Parabéns, Ascurra."
2001-04-17T14:34;IMPORTÂNCIA, COMBATE, CORRUPÇÃO, ADMINISTRAÇÃO PÚBLICA, DEFESA, PROJETO, LEI COMPLEMENTAR, AUTORIA, ORADOR, ALTERAÇÃO, CÓDIGO TRIBUTÁRIO NACIONAL, AUTORIZAÇÃO, QUEBRA DE SIGILO, CONTA BANCÁRIA, NATUREZA FISCAL, AGENTE, POLÍTICO, OCUPANTE, CARGO ELETIVO, SERVIDOR, CARGO PÚBLICO, INSTITUIÇÃO PÚBLICA, ADMINISTRAÇÃO PÚBLICA, VIOLAÇÃO, DEVER FUNCIONAL, AUTORIZAÇÃO, QUEBRA DE SIGILO.;PEQUENO EXPEDIENTE;"O SR. PAULO GOUVÊA (Bloco/PFL-SC. Sem revisão do orador.) - Sr. Presidente, Sras. e Srs. Deputados, volto hoje a um tema que é prioritário na consciência do povo brasileiro: o combate à corrupção. 
Não há como deixar sem resposta esse apelo que nos chega da sociedade, esse clamor que se faz cada vez mais forte nas ruas do nosso País. O que as pessoas que representamos querem é que tomemos uma atitude, uma atitude drástica contra a proliferação dos atos de imoralidade na vida pública brasileira, contra a disseminação desse mal que é a corrupção, que atinge as administrações de todas as orientações ideológicas, de todos os partidos políticos. 
Mas de nada adianta, é claro, a demagogia do puro discurso, a simples vocalização de intenções. A sociedade quer medidas concretas, objetivas, conseqüentes, para extirpar o mal da corrupção do organismo nacional.
O Presidente Fernando Henrique Cardoso vem dando tratamento eficaz às conseqüências da imoralidade, com as medidas já tomadas em relação ao DNER, à SUDAM e à SUDENE. É um combate que certamente deve continuar, doa em quem doer, no Executivo ou no Congresso Nacional.
Mas não basta atacar o mal depois que ele já aconteceu. É preciso estancar a origem dos atos de corrupção. É preciso prevenir a doença da corrupção. É necessário vacinar o organismo público contra o vírus da desonestidade. E isso só se faz com medidas preventivas. 
O Projeto de Lei Complementar nº 193, de 2001, que apresentei à Mesa desta Casa, exclui os agentes políticos do privilégio dos sigilos bancário e fiscal. Entendo, Sr. Presidente, que esse é um benefício destinado a proteger o cidadão comum nas suas relações financeiras particulares, mas não aquele que recebe dinheiro público e tem poder sobre a destinação desses recursos. O Deputado, o Senador, o Prefeito, o Ministro, o Presidente da República, todos os que estão na vida pública devem ter uma vida financeira e fiscal transparente. E a medida que proponho com certeza ajuda a prevenir a corrupção.
	Por outro lado, Sr. Presidente, a imunidade parlamentar para crimes comuns é uma aberração que não resiste ao mais singelo exame de consciência de quem tem por tarefa e por missão representar o povo. É preciso também eliminar esse absurdo, essa anomalia da nossa legislação. Devemos proteger, sim, o Parlamentar, no seu direito de voz, de ação política, mas, em se tratando de crimes comuns, ele tem de responder por seus atos.
Outras medidas ainda devem ser tomadas, como exigências mais rigorosas para a mudança de partido por um Parlamentar e também para a inscrição de um candidato a cargo eletivo ou de nomeação pública. 
Temos que adotar com entusiasmo essas verdadeiras vacinas anticorrupção. Os Parlamentares que apoiarem essas medidas terão o direito, depois, de cobrar do povo a sua parte, terão o direito e o dever de exigir do povo que vote em gente honesta e disposta a trabalhar, para acabar de uma vez por todas com os desonestos e os preguiçosos que envergonham a vida pública do País.
É só, Sr. Presidente."
2001-04-19T10:08;"IMPORTÂNCIA, DUPLICIDADE, RODOVIA, INTEGRAÇÃO, ESTADOS, (MERCOSUL), SOLICITAÇÃO, ÓRGÃOS, PRESERVAÇÃO, MEIO AMBIENTE, COMUNIDADE INDÍGENA, (IBAMA), (FUNAI), (DNER), FUNDAÇÃO, MEIO AMBIENTE, (SC), DEFINIÇÃO, PROJETO, RODOVIA.
FERNANDO HENRIQUE CARDOSO, PRESIDENTE DA REPÚBLICA, ESPERIDIÃO AMIN, GOVERNADOR, (SC).
ANIVERSÁRIO DE FUNDAÇÃO, MUNICÍPIO, ITAPEMA, (SC), EXPECTATIVA, INÍCIO, PROGRAMA, INFRA ESTRUTURA, TURISMO, FINANCIAMENTO, (BID).";BREVES COMUNICAÇÕES;"O SR. PAULO GOUVÊA (Bloco/PFL-SC. Sem revisão do orador.) - Sr. Presidente, Sras. e Srs. Deputados, venho a esta tribuna para falar sobre a BR-101, que, no Estado de Santa Catarina, é a rodovia do turismo e também a rodovia da integração com os demais Estados, a norte e a sul do nosso País. Aliás, todos sabem que ela é a grande coluna vertebral do Brasil na sua região litorânea, indo de Natal, no Rio Grande do Norte, a Osório, no Rio Grande do Sul. É também a grande estrada do MERCOSUL, a rodovia que o BID chama de Sudamericana, que deverá chegar, no futuro, até o Uruguai e, por uma ponte sobre o Rio da Prata, a Buenos Aires, na Argentina. 
Sua duplicação em todo o trecho que vai da divisa do Paraná com Santa Catarina até Osório, no Rio Grande do Sul, é uma necessidade do desenvolvimento brasileiro, uma necessidade para a irmanação entre Estados e uma exigência do bom senso. No entanto, por paradoxal que pareça, organismos do mesmo Governo que executa a obra estão, por desentendimentos e desencontros, impedindo o prosseguimento dos trabalhos de duplicação. Nesse ritual do atraso, recebem colaboração também de órgãos estaduais.
O problema, especificamente com o trecho sul de Santa Catarina da BR-101, aquele que vai da Grande Florianópolis até a divisa com o Rio Grande do Sul, não é aquele que em geral frustra a expectativa de outras obras importantes no País, não é a falta de recursos. Na verdade, o BID e o EXIMBANK, do Japão, já garantiram o financiamento. Mas a duplicação desse trecho não começa porque os órgãos responsáveis pelo meio ambiente e pela preservação indígena e mais ainda o DNER não chegam a um acordo sobre o traçado e as características da obra.
Poderiam, claro, alguns dos Parlamentares presentes questionar: mas se há problemas ambientais, se há risco de prejuízo a comunidades silvícolas, não é correta então a precaução daqueles órgãos?
Ora, Sr. Presidente, não estamos falando de uma estrada pioneira, que avance sobre a mata ou que cruze uma reserva indígena. A rodovia já existe, e há décadas. É uma das vias públicas mais movimentadas do País. Parte dela, entre a divisa do Paraná e a Grande Florianópolis, já está em via de conclusão. Estamos falando do prosseguimento da obra de aumento da capacidade da mesma estrada, na parte que falta, entre a Capital catarinense e o Rio Grande do Sul.
Faço, portanto, um apelo à FUNAI, ao IBAMA, ao DNER, à Fundação do Meio Ambiente de Santa Catarina, ao Presidente Fernando Henrique Cardoso e ao Governador Esperidião Amin, no sentido de que — por favor! — desobstruam os canais, superem os obstáculos, façam imperar o bom senso, deixem que o progresso e a prosperidade do País possam ir em frente junto com o asfalto da BR-101. 
	Aproveito o tempo que me resta, Sr. Presidente, para fazer uma homenagem ao Município catarinense de Itapema, que comemora, no próximo dia 21, 39 anos de fundação. Tenho certeza de que muitos dos colegas Parlamentares já tiveram oportunidade de visitar esse belo Município, situado no litoral catarinense, com cerca de 18 mil e 500 habitantes, na sua grande maioria descendentes de açorianos. 
	A palavra Itapema, em tupi-guarani, significa ""falcão da pedra"", uma ave que vivia nos costões do mar na região. Colonizada há mais de quatrocentos anos por açorianos que fugiram dos Açores, onde eram freqüentes, na época, os saques dos piratas. 
	Faço este registro, Sr. Presidente, para dizer que ontem recebi magnífica notícia da parte do Ministério do Esporte e Turismo, dando conta de que o PRODETUR-SUL, programa de infra-estrutura turística do sul do País, financiado pelo BID, está em vias de se concretizar. Isso é um presente para o Município de Itapema, uma vez que uma das partes importantes desse programa tanto bem fez ao Nordeste brasileiro e agora o fará ao sul do País, na sua atividade turística.
Espero que esse programa, agora, conforme anunciado, na sua fase de concretização pelo Ministério do Esporte e Turismo, seja um presente de aniversário para o belo Município de Itapema. 
	Muito obrigado."
2001-04-24T15:02;HOMENAGEM, ANIVERSÁRIO DE FUNDAÇÃO, MUNICÍPIO, REGISTRO HISTÓRICO, COLONIZAÇÃO, INFLUÊNCIA, FORMAÇÃO, CULTURA, DESENVOLVIMENTO INDUSTRIAL, INDÚSTRIA DE MOBILIÁRIO, ARTESANATO, EMPRESA DE CERÂMICA, TURISMO.;PEQUENO EXPEDIENTE;"O SR. PAULO GOUVÊA (Bloco/PFL-SC. Pronuncia o seguinte discurso.) - Sr. Presidente, Sras. e Srs. Deputados, neste dia 24 de abril o Município de Rio Negrinho celebra sua data festiva de fundação. Localizado no planalto norte catarinense, Rio Negrinho teve sua colonização iniciada por grupos de imigrantes alemães, italianos e portugueses oriundos de São José dos Pinhais, Paraná, e de Joinville, que chegaram à região com a abertura da Estrada Dona Francisca.
Nome representativo desse grupo de colonizadores é o de Jorge Zipperer, marceneiro habilidoso que, aproveitando a excelente madeira da região, começou a fabricar móveis para parentes e vizinhos, vindo a implantar a primeira indústria do local. Sua contribuição foi decisiva para transformar a região em pólo moveleiro de Santa Catarina. Atualmente, mais de 130 empresas dedicam-se à fabricação de móveis, que são exportados para vários países do mundo. Outro importante ramo da atividade industrial é o da produção cerâmica de canecos de chope, vendidos principalmente para a fábrica de cerveja norte-americana Budweiser.
Ao lado da produção industrial, Rio Negrinho também se distingue por suas belas paisagens, pequenas comunidades, jardins floridos, túneis, pontes e rios. Essas características renderam o título de Aconchego da Serra ao Município que mensalmente recebe os participantes de um passeio turístico, realizado de trem, que parte de Curitiba e atravessa também Mafra, São Bento do Sul e chega a São Francisco do Sul.
Rio Negrinho notabiliza-se igualmente pelas bandas musicais e pelos grupos típicos que animam as festas locais e regionais, mantendo vivas as tradições culturais negrinhenses.
Produção industrial, belezas naturais e apreço pela cultura são traços fundamentais da história do Município que celebra hoje seu aniversário de fundação. Saúdo a boa e laboriosa gente de Rio Negrinho, desejando que persevere em sua meta de sempre maior progresso e bem-estar para si e para seus filhos.
Parabéns, Rio Negrinho."
2001-04-25T14:02;HOMENAGEM, ANIVERSÁRIO DE FUNDAÇÃO, MUNICÍPIOS, (SC).;PEQUENO EXPEDIENTE;"O SR. PAULO GOUVÊA (Bloco/PFL-SC. Pronuncia o seguinte discurso.) – Sr. Presidente, Sras. e Srs. Deputados, em 26 de abril de 1989 nasciam três novos Municípios catarinenses: dois localizados no Alto Vale do Itajaí — José Boiteux e Vítor Meireles — e um no Planalto Norte — Timbó Grande.
O nome Timbó Grande é referência a uma espécie de árvore denominada timbó, encontrada na região no final do século XIX pelas famílias pioneiras. O Município teve participação na Guerra do Contestado. Foi lá que se travou, em 17 de dezembro de 1915, um confronto com os jagunços que cercaram o povoado para capturar Joaquim Adeodato. Para abrigar exclusivamente os combatentes mortos foi construído o Cemitério Santa Maria.
	Timbó Grande vive basicamente da madeira e de seus derivados: mais da metade de seu território é reflorestado com pinus, que é transformado em cartolina, em compensados e em papel para  embalagem.
Vítor Meireles e José Boiteux tiveram início juntamente com a instalação do Município-mãe, Ibirama, que englobava as terras que, além desses dois Municípios, hoje constituem o território de outros três — Presidente Getúlio, Dona Emma e Witmarsum. Eles formavam uma única gleba, doada pelo Governo do Estado para a Companhia Hanseática Alemã, com o objetivo de colonizá-la. As primeiras famílias de imigrantes alemães chegaram em 1899 e fundaram a colônia Hamônia, que se emancipou em 1934 com o nome de Dalbérgia, depois trocado para Ibirama, em 1943.
	O nome oficial da atual Vítor Meireles é uma homenagem ao grande pintor catarinense Vítor Meirelles de Lima. O processo de emancipação foi provocado e alimentado pela distância da comunidade com a sede municipal e pela exploração da madeira.
	No mesmo dia da emancipação de Vítor Meireles ocorreu a emancipação de José Boiteux, Município cuja atividade econômica está intimamente vinculada à agricultura, sobretudo à produção de fumo. Em seu território estão localizadas a única reserva federal existente na região,  a Reserva Indígena Duque de Caxias, e a Barragem Norte, a terceira e maior de todo o complexo de contenção de cheias do Alto Vale do Itajaí.
	Essas breves referências têm o objetivo de saudar e homenagear a boa e laboriosa gente de Timbó Grande, Vítor Meireles e José Boiteux, Municípios que celebram amanhã sua data de emancipação político-administrativa. Meus melhores votos de sucesso a todos e parabéns."
2001-05-09T14:50;"EXECUÇÃO, PROJETO, DUPLICIDADE, RODOVIA,  EMPRESA, ENGEVIX, DENOMINAÇÃO, INGO HERING, EXPECTATIVA, BANCADA, CONGRESSISTA, (SC), ALOCAÇÃO, RECURSOS ORÇAMENTÁRIOS,  REALIZAÇÃO, OBRA PÚBLICA.
IMPORTÂNCIA, OBRA, RODOVIA, CORREDOR DE EXPORTAÇÃO, PRODUÇÃO, (SC).";PEQUENO EXPEDIENTE;"O SR. PAULO GOUVÊA (Bloco/PFL-SC. Sem revisão do orador.) – Sr. Presidente, Sras. e Srs. Deputados, quero hoje me referir à duplicação da BR-470,  no Estado de Santa Catarina.
A duplicação dessa rodovia, denominada Rodovia Ingo Hering, finalmente está saindo do campo da retórica, da discussão e da polêmica e entrando no campo da realidade.
Na última segunda-feira, na minha cidade de Blumenau, o Governador de Santa Catarina, Esperidião Amin, assinou a ordem de serviço para elaboração do projeto final de engenharia dessa obra tão esperada pela população do Vale do Itajaí e de todo o Estado. 
	O Governo catarinense assumiu, assim, a responsabilidade por esse indispensável e decisivo passo rumo à duplicação, que é a realização do projeto executivo. Sem projeto, Sr. Presidente, não se pode saber como será a obra e quanto custará. Com o projeto, aí sim, nós saberemos aqui no Congresso e lá no Estado que quantidade de recursos alocar para a execução da obra.
	Não por acaso, o Governador catarinense pediu, em solenidade em Blumenau, que dois Deputados Federais da região presentes à solenidade, Renato Vianna e eu, fizéssemos a entrega da ordem de serviço para a Engevix, empresa contratada para fazer o projeto. O Governador e o povo de Santa Catarina esperam que a bancada do nosso Estado trabalhe aqui com determinação para incluir no Orçamento Federal de 2002 recursos que permitam a execução da obra de duplicação. E esperamos todos, é claro, que também o Orçamento Estadual preveja verbas adicionais para a obra.
Fiquem certos os catarinenses de que não faltaremos ao nosso dever.
	A duplicação da BR-470 está prevista, inicialmente, em um trecho de 25 quilômetros — a rodovia é muito mais longa —, prioritariamente, entre o Município de Blumenau, no chamado viaduto da Dudalina, no acesso ao Bairro Fortaleza, até o Ribeirão Estradinha, na área industrial do Município de Indaial. Nas etapas seguintes, a duplicação se estenderá a toda a rodovia. 
	Ao ensejo desse ato praticado pelo Governo do meu Estado em benefício de uma rodovia federal — o projeto custará mais de 1 milhão de reais —, quero conclamar o Governo Federal a tomar iniciativa semelhante em relação à BR-280. Essa outra via federal também carece de medidas urgentes com vistas à sua duplicação, prioritariamente no trecho compreendido entre o Município de Guaramirim e o Porto de São Francisco do Sul.
	No último dia 4 estive em Guaramirim e lá ouvi esta veemente reivindicação do Prefeito Mário Sérgio Peixer, que é do meu Partido, do novo Presidente do PFL municipal, José Dequech Neto,  e de todas as lideranças do PFL. E a endosso aqui com grande entusiasmo.
	A BR-470 e a BR-280 são os dois mais importantes corredores de exportação, de riqueza e de desenvolvimento de Santa Catarina e merecem a atenção e a dedicação das autoridades federais e estaduais.
	A BR-470 é uma via que corta o Estado transversalmente não no sentido norte-sul, como a BR-101, mas no sentido leste-oeste. Toda riqueza do oeste passa pela BR-140 e pela BR-280 — os frangos que vão para o Porto de São Francisco, Porto de Itajaí —, grandes corredores de exportação. 
Ambas as vias hoje, além disso, têm uma grande característica urbana, porque se transformaram em extensas avenidas, em conglomerados urbanos das duas regiões por onde passam. Daí a importância da duplicação."
2001-05-09T17:34;PROJETO DE LEI, PROIBIÇÃO, PONTO FACULTATIVO, ADMINISTRAÇÃO PÚBLICA , ADMINISTRAÇÃO FEDERAL.;PELA ORDEM;"O SR. PAULO GOUVÊA (Bloco/PFL-SC. Pela ordem. Sem revisão do orador.) – Sr. Presidente, quero registrar que apresentei hoje à Mesa da Câmara dos Deputados projeto de lei  que visa à proibição, na Administração Pública Federal, da decretação do chamado ponto facultativo.
A sociedade brasileira não merece ficar à mercê da liberalidade de certos governantes que, cada vez que vislumbram feriado próximo ao fim de semana, dispensam servidores que têm obrigação de trabalhar todos os dias úteis da semana em favor do público brasileiro. 
	Muito obrigado."
2001-05-15T15:10;"SOLICITAÇÃO, GOVERNO FEDERAL, FERNANDO HENRIQUE CARDOSO, PRESIDENTE DA REPÚBLICA, MINISTÉRIO DA INTEGRAÇÃO NACIONAL,  LIBERAÇÃO, RECURSOS PÚBLICOS, AUXÍLIO, VÍTIMA, CHUVA, ACIDENTE MARÍTIMO,  MUNICÍPIOS, SANTA TEREZINHA, ORLEANS, ARMAZÉM, LAGUNA, PETROLÂNDIA, JOINVILLE, RIO DO CAMPO, MELEIRO, CANOINHAS, MARACAJÁ, BENEDITO NOVO, TANGARÁ, AGRONÔMICA, AURORA, BARRA VELHA, BARRA DO SUL, ITAPOÁ, BALNEÁRIO CAMBORIÚ, (SC).
ESPERIDIÃO AMIN, GOVERNADOR, (SC).";PEQUENO EXPEDIENTE;"O SR. PAULO GOUVÊA (Bloco/PFL-SC. Pronuncia o seguinte discurso.) – Sr. Presidente, Sras. e Srs. Deputados, este pronunciamento tem o objetivo de apelar às autoridades federais, especialmente ao Presidente Fernando Henrique Cardoso e ao Ministério da Integração Nacional, para que liberem os recursos destinados a atenuar os prejuízos causados pelas chuvas e tornados que se têm  abatido sobre Santa Catarina nas últimas semanas.
Os Municípios de Santa Terezinha, Orleans, Armazém, Laguna, Petrolândia, Joinville, Rio do Campo, Meleiro, Canoinhas, Maracajá, Benedito Novo, Tangará, Agronômica e Aurora estão ansiosamente esperando o socorro, o apoio e a solidariedade do Governo Federal, que irão aliviar os enormes danos que as intempéries provocaram em estradas, pontes e em uma infinidade de equipamentos públicos. Os estragos que os fenômenos da natureza provocaram se transferem, na forma de pesados prejuízos, à economia desses Municípios, especial e dolorosamente no que diz respeito à atividade dos pequenos produtores rurais.
Os relatórios já foram feitos e encaminhados, já passaram pela análise dos técnicos. Resta agora o gesto público, o ato de boa vontade do Presidente e do seus auxiliares da área-fim e do setor financeiro para a liberação dos recursos esperados.
Nestes últimos dias, Sr. Presidente, nova calamidade vitimou diversos outros Municípios de Santa Catarina. Uma ressaca de grandes proporções provocou a destruição de vias públicas e residências em diversas localidades da orla catarinense.
O Governador do Estado, Esperidião Amin, mostrou-me fotos que atestam a violência do fenômeno nos Municípios de Barra Velha, Barra do Sul, Itapoá e Balneário Camboriú. O Prefeito do Município de Barra Velha, Walter Zimmernann, também entregou-me relatórios e fotos da destruição de suas praias e das ruas litorâneas. 
Mais uma vez Santa Catarina pede socorro. Um Estado valente, que tanto contribui para o desenvolvimento do País merece, neste momento, a atenção e a solidariedade do Presidente Fernando Henrique Cardoso."
2001-05-16T14:02;DEFESA, ESTADOS, INCENTIVO FISCAL, AQUISIÇÃO, VEÍCULO AUTOMOTOR, TÁXI.;PEQUENO EXPEDIENTE;"O SR. PAULO GOUVÊA (Bloco/PFL-SC. Pronuncia o seguinte discurso.) - Sr. Presidente, Sras. e Srs. Deputados, solicito a cada Parlamentar desta Casa que pressione o Secretário da Fazenda do seu Estado para conseguir este apoio que beneficiará os bravos profissionais do volante do nosso País.
	Quero, desta tribuna, fazer um apelo em favor dos motoristas de táxi do nosso País. Os taxistas estão aguardando ansiosamente a liberação, mais uma vez, do incentivo do ICMS para a aquisição de veículos novos. Recebi um insistente pedido nesta direção dos valorosos taxistas da minha cidade de Blumenau.
Esta medida — isentar do ICMS a renovação da frota de transporte individual de passageiros — já é uma tradição no Brasil. É um benefício para os profissionais do volante e sobretudo um grande benefício também para os usuários desse serviço, que, desta forma, têm a segurança e o conforto de veículos mais novos.
Há muitos anos a prática vem ocorrendo, sempre por consenso dos Governos Estaduais, através do CONFAZ. Este ano, porém, o incentivo está ainda pendente de deliberação. Diversos Estados apóiam a medida. Entre eles o meu Estado de Santa Catarina. Tive a garantia desse apoio esta semana do Governador Esperidião Amin e do Secretário de Estado da Fazenda, Antônio Carlos Vieira. Mas há Estados que ainda não se decidiram.
Por isso peço a ajuda, faço um apelo no sentido de que cada Deputado desta Casa cujo Estado ainda não formalizou seu apoio aos taxistas pressione seu Governo, leve ao Governador, ao Secretário da Fazenda a justa reivindicação desses bravos trabalhadores urbanos, que prestam um serviço tão importante à população.
Tenho certeza de que o prestígio e a força de nós Deputados derrubarão as resistências dos Governos, permitindo que se confirme, mais uma vez, o incentivo fiscal dos Estados para os motoristas de táxi."
2001-05-16T16:12;HOMENAGEM, ANIVERSÁRIO DE FUNDAÇÃO, CIDADE, (SC), ELIMAR ELTERMANN, PREFEITO.;PELA ORDEM;"O SR. PAULO GOUVÊA (Bloco/PFL-SC. Pela ordem. Pronuncia o seguinte discurso.) - Sr. Presidente, Sras. e Srs. Deputados, no dia 17 de maio, o Município catarinense de Dona Emma comemora festivamente 39 anos de emancipação político-administrativa. Em Dona Emma, vivem 3.500 habitantes, num território de 154 quilômetros quadrados do Alto Vale do Itajaí.
	Dentre todos  os  Municípios do Estado, apenas dois recebem nomes de mulheres ligadas à história catarinense. Um deles é Anita Garibaldi e o outro, Dona Emma —  nome da esposa de José Deeke, Diretor  da Companhia Hanseática de Colonização, que ocupou as terras devolutas do Alto Vale do Itajaí,  concedidas pelo Governo do Estado. No início , em  1934, o Governo do Estado instituiu um povoado  com o nome  de Gustavo Richard — Governador de 1906 a 1910  —  nome alterado para Dona Emma  em 1962, ano em que o Distrito passou a Município, emancipando-se de Presidente Getúlio.
	A atividade principal do Município é a agropecuária , à qual se dedica 80% da população  local, basicamente constituída de descendentes de alemães, italianos, açorianos e poloneses.  O cuidado com a educação  tem sido uma  marca desse  Município, um dos pioneiros na colocação de transporte escolar gratuito para as crianças da zona rural.
	Neste 39º aniversário de Dona Emma, saúdo os representantes da população na Câmara de Vereadores e cumprimento toda a administração municipal, competentemente comandada pelo Prefeito Elimar Eltermann.
	Faço uma especial homenagem a todos os donemenses, augurando-lhes que perseverem em sua luta  para transformar essa terra no lugar mais importante para si e seus filhos. Para isso, basta que continuem a ser a boa e laboriosa gente que conheço e que admiro.
	Parabéns, Dona Emma."
2001-06-05T15:10;REGIÃO SUL, TURISMO, INFRA ESTRUTURA, (MEC), BANCO DO BRASIL, GOVERNO ESTADUAL, (RS), (SC), (PR), (MS), COOPERAÇÃO TÉCNICA, FINANCIAMENTO, (BID).;PELA ORDEM;"O SR. PAULO GOUVÊA (Bloco/PFL-SC. Pela ordem. Pronuncia o seguinte discurso. ) – Sr. Presidente, Sras. e Srs. Deputados, na última quinta-feira, dia 31 de maio, ocorreu um fato altamente significativo para o turismo da Região Sul do Brasil: o Ministério do Esporte e Turismo, o Banco do Brasil e os Governos dos Estados do Rio Grande do Sul, Santa Catarina, Paraná e Mato Grosso Sul assinaram o termo de cooperação técnica para o estabelecimento das condições necessárias que permitem a viabilização do PRODETUR/ Sul.
Trata-se do primeiro ato oficial de um processo que deverá conduzir à contratação de financiamento internacional junto ao BID, no valor total de US$400 milhões, para aplicação em programas de infra-estrutura turística nos quatro Estados que integram o CODESUL.
Desse total, Santa Catarina está se credenciando a receber cerca de US$140 milhões, recursos que se destinam à construção da estrutura pública capaz de incrementar negócios turísticos pela iniciativa privada.
Desse total, 49% destinam-se ao setor de transportes ( rodovias, ferrovias e aeroportos ), 26% ao setor de saneamento e meio ambiente, 11% à restauração do patrimônio histórico, 6% à implantação de parques florestais e marinas, ficando os restantes 8% para a área institucional do turismo do Estado.
O termo de cooperação técnica, assinado  dia 31, é um passo importantíssimo no processo de desenvolvimento do turismo da Região Sul. Por isso deve ser comemorado. No que diz respeito a Santa Catarina, trata-se do maior volume de recursos que o turismo estadual já teve em sua história. Com esse programa, estabelece-se um divisor de épocas: o turismo, no futuro, poderá ser delimitado em antes e depois do PRODETUR.
Sinto muito orgulho neste momento porque, como Secretário do Desenvolvimento Econômico e Integração ao Mercosul, do Estado de Santa Catarina, tive o privilegio de iniciar esse processo. Trabalhei na seleção dos projetos, negociei com o BID, com o Governo Federal e com os demais Estados. Estou feliz com o desfecho dessa fase.
Quero, neste momento, cumprimentar o Ministro Carlos Melles pelo seu esforço e competência, o Governador Esperidião Amin e o Secretário que me substituiu, Antonio Ceron, pelo trabalho estritamente sério e dedicado que conduziu a mais esse capítulo bem-sucedido do grande  programa PRODETUR/Sul."
2001-06-19T13:24;APREENSÃO, ACIDENTE DE TRÂNSITO, RODOVIA, (SC), PROTESTO, FECHAMENTO, POSTO POLICIAL, REDUÇÃO, QUADRO EFETIVO, PATRULHEIRO RODOVIÁRIO FEDERAL, SOLICITAÇÃO, PROVIDÊNCIA, (MJ).;PEQUENO EXPEDIENTE;"O SR. PAULO GOUVÊA (Bloco/PFL-SC. Pronuncia o seguinte discurso.) – Sr. Presidente, caros colegas Deputados, Santa Catarina detém marca que não nos orgulha e que causa enorme preocupação. O Estado é líder nacional de acidentes de tráfego em rodovias federais. 
No ano passado, por exemplo, ocorreram 10.959 acidentes, que produziram 6.847 acidentados. Distribuídos no ano, são trinta acidentes diários apenas nas rodovias federais — repito — e dezoito acidentados. Mais de uma morte por dia é o saldo trágico desses acidentes.
Isso ocorre apesar da duplicação do trecho norte da BR–101, da intensa campanha educacional promovida pelos meios de comunicação e do rigor que passou a existir, embora não como gostaríamos, na expedição das carteiras de habilitação. A esses dois fatores, engenharia e educação, deve ser acrescido um terceiro elemento, que infelizmente está sendo negligenciado: um eficiente serviço de fiscalização. Apesar do esforço de nossos patrulheiros federais, esse serviço essencial de segurança atravessa  grave processo de deterioração.
O maior exemplo disso é a desativação, pelo Ministério da Justiça, de postos da Polícia Rodoviária Federal no Estado. Recentemente, foram desativados os postos rodoviários localizados na BR–101 (Itajaí), BR–116 (Itaiópolis) e BR–163 (São José dos Cedros). Para nossa perplexidade, veio a nosso conhecimento que se encontra em estudo a desativação de mais três postos: em Concórdia (BR–280), Vacas Gordas (BR–116) e Tubarão (BR–101). Tudo isso acontece devido ao reduzido número de policiais rodoviários federais. 
Santa Catarina conta hoje com cerca de 400 policiais rodoviários, quando o efetivo deveria ser de mil. Considerando-se os processos de aposentadoria e afastamento por licenças diversas e ainda que 25% do efetivo estão envolvidos em atividades administrativas, aquele número cai para 75 patrulheiros na ativa. Este efetivo é evidentemente insuficiente para atender os dezenove postos rodoviários federais.
 E qual a solução adotada ? Ao invés de aumentar o número de policiais rodoviários, diminui-se o número de postos rodoviários. Pedimos que se aumente o efetivo, mas a medida que a direção da Superintendência da Polícia Rodoviária toma é fechar os postos rodoviários.
Pela significativa contribuição à economia nacional, o povo trabalhador de Santa Catarina não merece ver seus anseios de segurança relegados a um plano subalterno. Santa Catarina exige a adoção de efetivas e urgentes providências que revertam esse quadro de desânimo que se instalou na 8° Superintendência da Polícia Rodoviária Federal.
Faço um apelo ao Ministro da Justiça para que detenha o processo de desativação de postos rodoviários federais em Santa Catarina e aumente o efetivo de patrulheiros federais em nosso Estado.
Essas providências são fundamentais para assegurar mais segurança em nossas rodovias e reverter o triste quadro estatístico de acidentados e mortos que mancham nosso Estado."
2001-06-20T13:28;SAUDAÇÃO, ANIVERSÁRIO, EMANCIPAÇÃO, MUNICÍPIO, HISTÓRIA, DESENVOLVIMENTO ECONÔMICO, DEFESA, MELHORIA, INFRA ESTRUTURA.;PEQUENO EXPEDIENTE;"O SR. PAULO GOUVÊA (Bloco/PFL-SC. Pronuncia o seguinte discurso.) - Sr. Presidente, Sras. e Srs. Deputados, há 156 anos, em 1845, se instalavam 24 famílias de imigrantes belgas às margens do Rio Itajaí-Açu, a cerca de dezoito quilômetros da foz. Os colonizadores passaram por muitas dificuldades, agravadas pela viagem e pela morte de Von Ledde, o dono das terras em que eles se haviam instalado. Assim nasceu Ilhota, que amanhã — dia 21 de junho — celebra 43 anos de emancipação político-administrativa.
O Município é atravessado pelo Rio Itajaí-Açu, que divide a sua área territorial em duas partes, sendo que 70% ficam na margem esquerda, a parte em que se situam as terras mais produtivas e de onde sai a produção agrícola. Para ir de uma para outra margem, os veículos e as pessoas dependem de uma pequena balsa. A construção de uma ponte é vital para Ilhota, mas até o momento ela é apenas um projeto.
Embora o Município tenha destaque na agricultura — arroz, banana, laranja, tomate e cana-de-açúcar —, é a usina produtora do açúcar Portobello o sustentáculo econômico de Ilhota. Ultimamente, a economia do Município passou a ganhar grande destaque no setor de peças de praia e de lingerie, produzidas por um grande número de microempresas.
Ao lembrar os 43 anos de emancipação do Município, desejo saudar a boa gente ilhotense, augurando que continue a perseguir o sonho de seus antepassados: construir um bom lugar para si e para seus filhos. Apesar das dificuldades, é dignificante e nobre lutar para que isso se realize.
Parabéns, Ilhota e ilhotenses!"
2001-08-15T13:14;"IMPORTÂNCIA, RODOVIA, DESENVOLVIMENTO ECONÔMICO, CRÍTICA, EXCLUSÃO, CONSTRUÇÃO, RODOVIA, AMBITO ESTADUAL, PROGRAMA BID3, PLANEJAMENTO, GOVERNO ESTADUAL, VILSON KLEINUBING, NEGOCIAÇÃO, VERBA, (BID).
AVALIAÇÃO, SITUAÇÃO, SISTEMA VIÁRIO, RODOVIA, (SC).
REGISTRO, NEGOCIAÇÃO, FINANCIAMENTO, GOVERNO ESTADUAL, ESPIRIDIÃO AMIN, (BNDES), PAVIMENTAÇÃO, RODOVIA, (SC).";PEQUENO EXPEDIENTE;"O SR. PAULO GOUVÊA (Bloco/PFL-SC. Sem revisão do orador.) - Sr. Presidente, Sras. e Srs. Deputados, estradas são caminhos de desenvolvimento. Quem produz, quem vende, quem exporta, quem transporta, quem compra, todos dependem dessas vias de ligação entre a origem e o destino de uma pessoa ou de um produto. Por isso, sem esquecer das prioridades vitais — educação, saúde, segurança —, tenho-me dedicado tanto à tarefa de proporcionar aos catarinenses rodovias seguras e confortáveis.
 Minhas batalhas no momento concentram-se em dois grandes blocos de estradas. O primeiro é o das rodovias federais — as duplicações das BRs 101, 470, 280, e a conclusão da BR-282. São lutas árduas, permanentes, minhas e de outros Parlamentares catarinenses, para que essas vias, cruciais para o nosso desenvolvimento, recebam do Governo as obras tão necessárias e tão desejadas.
	Com relação à BR-101, temos, de um lado, a alegria de ver quase pronto o trecho norte — grande obra do Governo Fernando Henrique Cardoso — e, de outro, a frustração dos catarinenses pelo impasse entre FUNAI, DNER, IBAMA, Ministério da Justiça e Ministério Público, que impedem a licitação do trecho sul.
	A bancada federal de Santa Catarina, em bloco, mais os Deputados Estaduais e as forças comunitárias, especialmente as do sul do Estado, estão fazendo um esforço enorme para vencer as barreiras da burocracia e da indiferença, mas é doloroso reconhecer que o nó cego armado pela incompetência de alguns ainda não foi desatado.
	As BRs 470, 280 e 282 dependem também do trabalho da bancada de Santa Catarina, que por certo não faltará ao cumprimento desses compromissos.
	Outra frente de combate é a das estradas estaduais. E aí o foco é a correção das injustiças cometidas contra algumas regiões do Estado que tiveram rodovias excluídas do Programa BID 3 — programa que, no Governo Vilson Kleinubing, planejei e negociei com o Banco Interamericano de Desenvolvimento. O Governo seguinte, infelizmente, não cumpriu o que estava previsto. Diversas obras foram paralisadas, outras foram executadas morosamente e só concluídas há pouco pelo Governador Esperidião Amin. É o caso, por exemplo, das ligações de Rio do Campo a Santa Terezinha, de Urupema a Painel e de Pomerode a Rio dos Cedros e Timbó.
Pior ainda aconteceu com os acessos de Timbó Grande à BR-116, de São João do Itaperiú a Massaranduba, de Braço do Trombudo a Trombudo Central, de Anita Garibaldi a Campo Belo do Sul, de Vítor Meirelles a Witmarsun e o acesso sul de Governador Celso Ramos, que foram simplesmente excluídos do programa. Defendi muito a reinclusão dessas vias no novo grande programa de pavimentação de rodovias, o BID 4. E, com alegria, tive a confirmação de que, à exceção do acesso de Vítor Meirelles, todas essas vias estão confirmadas no programa. É uma grande vitória das lideranças da coligação Mais Santa Catarina dessas comunidades. Pena que a indefinição de questões ecológicas tenha impedido que a mesma alegria chegasse também a Vítor Meirelles.
Por outro lado, é uma excelente notícia a inclusão do trecho da SC-471 entre Romelândia e Anchieta, que completa a via que já fora parcialmente pavimentada no Governo Kleinubing. Outra grande justiça se faz com a pavimentação das rodovias SC-302 (Caçador–Calmon-Matos Costa–Porto União); SC-458 (Capinzal–Tupitinga–BR-470); SC-430 (Rio Rufino–BR-282); e SC-477 (Doutor Pedrinho–Moema– Papanduva); SC-466 (Itá–Seara) e diversas outras.
Faltam ainda, por certo, outras rodovias muito importantes. Faltam ligações estratégicas para o Estado, como, por exemplo, a de Salto Veloso, no Vale do Rio do Peixe, com a BR-153 via Herciliópolis; a do Médio e do Alto Vale do Itajaí com o Planalto Norte via Rio Negrinho e via Monte Castelo. Falta a ligação Treze Tílias–Iomerê e outras. Infelizmente, porém, o cobertor de asfalto ainda é mais curto do que as estradas a cobrir. Mas vamos continuar esta luta. O Governo Estadual negocia no momento um novo financiamento do BNDES para geração de renda em Municípios catarinenses, incluindo a pavimentação de seus acessos rodoviários. 
Se Amin, Paulo Bauer e sua equipe tiverem sucesso, teremos aí mais uma oportunidade de proporcionar o conforto e a segurança que tantos Municípios catarinenses estão aguardando.
Muito obrigado."
2001-08-21T16:32;EXPOSIÇÃO AGRO INDUSTRIAL, MUNICÍPIO, GUARAMIRIM, (SC), HISTÓRIA, COLONIZAÇÃO, CONGRATULAÇÕES, PREFEITO.;PELA ORDEM;"O SR. PAULO GOUVÊA (Bloco/PFL-SC. Pela ordem. Pronuncia o seguinte discurso.) - Sr. Presidente, Sras. e Srs. Deputados, no próximo dia 24, será aberta em Guaramirim a 6ª Expofeira Agroindustrial, evento destinado a divulgar os serviços e a qualidade dos produtos de 57 expositores. A Expofeira, que se estenderá até o dia 2 de setembro, será realizada no Parque Municipal de Exposições e terá uma sólida estrutura, com praça de alimentação, restaurante, exposição agrícola e de pequenos animais, parque de diversões e feira de artesanato, entre outras atrações.
O ciclo da industrialização de Guaramirim teve inicio em 1930, com a cana-de-açúcar e a cerâmica. A partir de 1970, surgiram a indústria moveleira, de conservas, massas alimentícias, metalúrgica, tintas e vernizes. A agricultura ainda hoje é fator predominante na economia, notadamente a cultura de arroz irrigado, banana e oleicultura. No meio rural, a pecuária também é setor de destaque.
A Expofeira se realiza a cada três anos e é uma demonstração do vigor da economia local. Nela, Guaramirim demonstra todo o valor de sua força de trabalho, confirmada por um povo laborioso, ordeiro e cheio de alegria de viver.
Meus parabéns ao Prefeito Mário Sérgio Peixer, ao Sr. Maurici Zanghelini, Presidente da Associação Comercial e Industrial, promotores do evento. Aos trabalhadores e empresários de Guaramirim envio minha calorosa saudação, desejando que a 6ª Expofeira Agroindustrial, que se inicia no próximo dia 24, como disse, seja coroada de pleno êxito, confirmando assim o Município como um dos mais importantes centros industriais de Santa Catarina."
2001-08-21T17:26;"VOTO DE PESAR, BANCADA, PARTIDO POLÍTICO, (PFL),  MORTE, FILHO, DEPUTADO FEDERAL.
APOIO, REQUERIMENTO, ENI VOLTOLINI,  DEPUTADO FEDERAL, MANIFESTAÇÃO, MESA DIRETORA, CÂMARA DOS DEPUTADOS, PESAMES.";PELA ORDEM;"O SR. PAULO GOUVÊA (Bloco/PFL-SC. Pela ordem. Sem revisão do orador.) - Sr. Presidente, associo-me à manifestação do Deputado Eni Voltolini, solidarizando-me com o Deputado Edinho Bez, em nome das bancadas federal e estadual do PFL do Estado. Reitero o pedido feito pelo Deputado Eni Voltolini, para que seja dirigida à família de S.Exa. manifestação formal de condolências da Mesa Diretora desta Casa.
Muito obrigado."
2001-08-23T09:18;"HOMENAGEM, ANIVERSÁRIO DE FUNDAÇÃO, REGISTRO HISTÓRICO, ATIVIDADE ECONÔMICA, INDÚSTRIA DE ALIMENTAÇÃO,  METALURGIA, FABRICAÇÃO, MÁQUINA AGRÍCOLA, TURBINA, FUNDIÇÃO, REFERÊNCIA, ÁREA, SAÚDE, EDUCAÇÃO.
ARMINDO HARO NETO, PREFEITO MUNICIPAL, JOAÇABA, (SC).";BREVES COMUNICAÇÕES;"O SR. PAULO GOUVÊA (Bloco/PFL-SC. Pronuncia o seguinte discurso.) – Sr. Presidente, Sras. e Srs. Deputados, o Município de Joaçaba, situado no meio-oeste catarinense, celebra 84 anos de fundação no próximo dia 25.
O inicio de sua colonização deu-se na virada do século passado quando gaúchos de origem italiana e alemã em sua maioria se instalaram na região por meio de companhias colonizadoras radicadas no vizinho Estado do Rio Grande do Sul.
Até as vésperas da fundação, em 1917, as terras de Joaçaba ainda pertenciam ao Paraná, tendo sido transferidas para Santa Catarina após a Guerra do Contestado. Chamou-se, então, Cruzeiro. Em 1943 passou a ser conhecido pela expressão equivalente na linguagem tupi-guarani: Joaçaba.
Joaçaba está encravada no Vale do Rio do Peixe e seus quase 23 mil habitantes vivem preponderantemente na área urbana. Somente 20% das famílias moram em minifúndios da área rural, dedicando-se ao cultivo de milho, feijão e trigo, produção associada às atividades pecuárias envolvendo suínos, aves e gado leiteiro. A base da economia municipal é o segmento industrial, com destaque para os setores alimentício e de metal mecânico, ou seja, engrenagens, máquinas agrícolas, turbinas e fundição.
Vale a pena registrar que Joaçaba será a sede de frigorífico da Cooperativa Central já em fase de construção e com operação prevista para meados do ano que vem. Erguido às margens da BR-282, o frigorífico criará cerca de quatrocentos empregos diretos e terá capacidade de abate de 2 a 3 mil suínos/dia.
O Município é referência nas áreas de saúde e educação. Os Hospitais Santa Terezinha e São Miguel estão aptos a fazer cirurgias cardíacas e neurológicas. A Universidade do Oeste de Santa Catarina — UNOESC tem sua sede no Município e nela estudam cerca 4 mil alunos em oito cursos de ensino superior. 
A atual administração municipal é do competente Prefeito Armindo Haro Neto e está unida no esforço de viabilizar as finanças de Joaçaba, a exemplo do que ocorreu com a administração estadual. Seus esforços estão concentrados em empreitada que a população entende e apóia. Fincadas as bases, o futuro reserva ampla perspectiva de investimentos para todos os joaçabenses.
Quero saudar o Prefeito, os Vereadores e o bom e laborioso povo de Joaçaba pelo transcurso dos seus 84 anos de existência. Tenho certeza de que, se perseverarem na trilha aberta pelos fundadores, os joaçabenses haverão de continuar a construção de um lugar ainda melhor para si e para seus filhos.
Parabéns, Joaçaba!"
2001-08-28T17:28;ORADOR, AUDIÊNCIA, RAMEZ TEBET, MINISTRO DE ESTADO, MINISTÉRIO DA INTEGRAÇÃO  NACIONAL.;PELA ORDEM;"O SR. PAULO GOUVÊA (Bloco/PFL-SC. Sem revisão do orador.) - Sr. Presidente, eu teria votado seguindo orientação do partido.
Estive ausente, infelizmente, em razão de audiência com o Ministro da Integração Nacional, Ramez Tebet."
2001-08-30T09:46;"ANIVERSÁRIO, EMANCIPAÇÃO POLÍTICA, MUNICIPIO, GUARAMIRIM, (SC), REGISTRO HISTÓRICO, COLONIZAÇÃO.  
ANIVERSÁRIO DE FUNDAÇÃO, MUNICIPIO, BLUMENAU, (SC), REGISTRO HISTÓRICO, COLONIZAÇÃO, CRESCIMENTO, INDÚSTRIA TEXTIL, TURISMO, TECNOLOGIA.";BREVES COMUNICAÇÕES;"O SR. PAULO GOUVÊA (Bloco/PFL-SC. Pronuncia o seguinte discurso.) – Sr. Presidente, Sras. e Srs. Deputados, no último dia 28, o Município de Guaramirim celebrou 52 anos de emancipação político-administrativa. A data foi comemorada festivamente pelos guaramirenses, que podem se orgulhar de viver em um Município de grandes perspectivas de desenvolvimento.
Guaramirim recebeu seus primeiros colonizadores alemães na segunda metade do século XIX, na esteira aberta com a chegada de imigrantes em Joinville e Blumenau. A colonização começou efetivamente em 1887, por imigrantes liderados pelo Prof. Gustavo Doubrawa. Aos alemães juntaram-se depois também descendentes de portugueses e  italianos. Nos primeiros anos, a colônia recebeu o nome de Bananal, que o Presidente Getúlio Vargas mudou por decreto, em 1944, para Guaramirim — nome de origem indígena que significava garça (guará) pequena (mirim).
A  localização de Guaramirim é privilegiada. O Município está situado no maior pólo econômico de Santa Catarina, constituído por Joinville, Blumenau e Jaraguá do Sul.  Seu território é cortado pela BR-280, um corredor de exportação que liga o porto de São Francisco do Sul ao planalto norte catarinense. Sua ligação com Blumenau e com o Vale do Itajaí é feita pela SC-413, que tive a oportunidade de reformar integralmente durante a administração do ex-Governador Vilson Kleinubing, da qual participei como Secretário de Estado dos Transportes e Obras.
Guaramirim teve três fases em seu crescimento. A primeira em 1910, com a inauguração da estação ferroviária, que fortaleceu o comércio local. Em 1930 veio o ciclo da industrialização, com destaque para a cana-de-açúcar e para a cerâmica. Na década de 70 surgiram as indústrias moveleiras, de conservas, de massas alimentícias, metalúrgicas, tintas e vernizes. Na agricultura, predominam o arroz irrigado, a banana e a oleiricultura.
Neste início de século, o Município inaugura uma nova era de desenvolvimento. A construção da termelétrica do norte catarinense, a pavimentação da rodovia Guaramirim-Joinville, os investimentos privados que se aceleram prenunciam uma época de muito progresso, com prosperidade e qualidade de vida para sua gente.
Tudo que o Município é hoje se deve ao povo guaramirense, competentemente liderado pelo Prefeito Mário Sérgio Peixer. É o povo que saúdo e  ao qual presto homenagem, com meus efusivos cumprimentos ao Prefeito e aos Vereadores. Homenagem pelo que já realizaram. Saudação pelo que ainda realizarão. Festejar uma data é, sobretudo, celebrar valores: trabalho, dedicação e alegria de viver. É isso que os guaramirenses estão comemorando no aniversário de seu Município.
Parabéns, Guaramirim.     
Sr. Presidente, Sras. e Srs. Deputados, passo a abordar outro assunto.
No próximo dia 2 de setembro, Blumenau comemora seus 151 anos de fundação: 151 anos de uma história marcada pelo pioneirismo, pela bravura, pelo trabalho sério e persistente; uma história que traz no rosto as marcas da dignidade, da honradez, do prazer de fazer bem feito.
Foi em 1850 que dezessete imigrantes alemães, tendo à frente o Dr. Hermann Bruno Otto Blumenau, então com menos de 30 anos, deram início à colonização de algumas terras adquiridas no Médio Vale do Itajaí. Quarenta e sete anos depois, em 1897, a ação colonizadora atingia o Alto Vale do Itajaí, formava onze distritos, incluindo a sede, e abrangia uma área de 10 mil quilômetros quadrados.
Sob o comando firme do Dr. Blumenau, os colonos dedicaram-se ao trabalho da terra, embora houvesse profissionais artesãos entre os primeiros imigrantes. O amor à liberdade marcou desde o início a colônia: ao viajante que tivesse escravos em sua companhia, apenas 48 horas lhe eram concedidas para permanecer no povoado. Educar os filhos era essencial, nem que para isso fosse preciso importar professores da terra natal e instalar uma escola para cada pequeno número de famílias.
	Liberdade, trabalho e educação — esses os valores que alimentaram a vida da colônia e que constituem o grande legado dos pioneiros a seus descendentes. Com base neles, o Município cresceu e se desenvolveu.
	Hoje, Blumenau é responsável pelo segundo maior PIB de Santa Catarina: em 2000, o PIB anual de Blumenau foi de R$3,5 bilhões (9,02% do PIB catarinense), ficando atrás apenas de Joinville (PIB de R$5,2 bilhões ou 13,3%  do PIB estadual). Tal desempenho deve-se, ainda, à força da indústria têxtil, responsável por 38% da economia local. Desde o início da crise do setor, em 1994, Blumenau experimenta gradual diversificação de sua economia. Comércio e serviços, turismo de eventos e informática vêm aumentando sua importância na geração de emprego e renda. E isso é benéfico, de acordo com o Presidente do Sindicato das Indústrias Têxteis, Ulrich Kuhn: ""Toda a economia dependente de uma só atividade corre perigo porque uma crise no setor abala a região inteira"".
	Nos últimos dez anos, o setor de informática fortaleceu-se em Blumenau: tornou-se o segundo pólo de tecnologia do Estado e um dos principais do País.
	Hoje o setor congrega 494 empresas, movimenta R$150 milhões/ano e emprega 4,5 mil trabalhadores, respondendo por 7% do ISS. Importante e decisiva contribuição para isso vem sendo dada pelo BLUSOFT — Blumenau Pólo de Informática, criado em 1992. Já passaram pelo BLUSOFT 28 empresas, das quais 19 permanecem no mercado.	
Mais de 54% da população economicamente ativa prestam serviços para o setor terciário, sobretudo no comércio e no turismo. A participação do comércio no ICMS está aumentando gradativamente: no período de janeiro a junho deste ano teve um acréscimo de 19,11% contra 16% no mesmo período do ano passado. O setor que mais arrecada está vinculado à vocação de Blumenau, o comércio de confecções, que é o maior segmento da cidade em número de estabelecimentos.
	O turismo de eventos é outro segmento que apresenta taxas médias de crescimento de 30% ao ano. Desde 1996, foram realizados 303 eventos de grande e médio porte. Alguns eventos estão consolidados em Blumenau: a Feira de Informática do Cone Sul — CONINFO, a Feira Internacional da Indústria Têxtil — FEMATEX, a Feira da Indústria da Habitação — HABITACON, a Feira de Produtos Agrícolas, a Feira Catarinense para Condomínios e a Feira de Sonorização de Automóveis.
	Blumenau, porém, não é só trabalho.
	Blumenau é também educação e cultura. A alfabetização atinge índices situados entre os melhores do País, o ensino primário e médio está ao alcance de todos os interessados. No ensino superior, o Município conta com a Fundação Universidade Regional de Blumenau — FURB, resultado da parceria entre a iniciativa privada e o Poder Público. Nela estudam 15 mil alunos, distribuídos em 32 cursos de graduação e 38 cursos de especialização e/ou mestrado.
A cultura tem seu lugar assegurado em Blumenau. Conta com um excelente teatro — Teatro Carlos Gomes — e com a Escola Superior de Música. O Município conta também com grupos folclóricos, artistas plásticos de projeção nacional e internacional, artesãos, escritores, pesquisadores, corais, dois museus (da família colonial e de História Natural) e mais de trinta clubes de caça e tiro, que preservam as tradições das festas de rei e rainha, do tiro ao alvo, do bolão e da bocha.
	Mais importante que tudo isso é constatar com orgulho que Blumenau jamais se afastou do maior patrimônio que possui: o sentido da liberdade, o amor ao trabalho, o cultivo da educação e o gosto de viver. 
	É isso sobretudo que se acelera no próximo domingo, dia 2. Muitos desafios terão ainda de ser vencidos. E o serão, como foram os anteriores, porque Blumenau jamais se dobrou diante de qualquer problema ou dificuldade. Sua história é a prova mais concreta de que isso ocorrerá.
	Parabéns à minha querida Blumenau. Ontem, hoje e sempre Blumenau merece o melhor."
2001-09-13T09:14;"REGISTRO HISTÓRICO, COLONIZAÇÃO, MUNICÍPIO, CANOINHAS, (SC), IMPORTÂNICA, ATIVIDADE ECONÔMICA, ERVA MATE, INDÚSTRIA, MADEIRA, FRIGORÍFICO, PESQUISA, GOVERNO ESTADUAL, DESENVOLVIMENTO ECONÔMICO,
DESENVOLVIMENTO SOCIAL, MELHORIA, SANEAMENTO BÁSICO, ESGOTO SANITÁRIO, MUNICÍPIO.
ORLANDO KRAUTLER, PREFEITO, MUNICÍPIO, CANOINHAS, (SC).
PROJETO DE LEI, AUMENTO, PRAZO, PRESCRIÇÃO, AÇÃO JUDICIAL, INVESTIGAÇÃO, ATO ILÍCITO, AGENTE, PODER PÚBLICO, IMPROBIDADE, NATUREZA ADMINISTRATIVA.";BREVES COMUNICAÇÕES;"O SR. PAULO GOUVÊA (PFL-SC.  Pronuncia o seguinte discurso.) - Sr. Presidente, Sras. e Srs. Deputados, a Agência de Desenvolvimento do Turismo do Distrito Federal realizou, de 5 a 8 deste mês, a 2° edição do Projeto Pátria Amada Brasília. Neste período, o Governo do Distrito Federal reuniu em Brasília 32 estudantes da 8° série do 1° grau, vindos de todos os Estados brasileiros, que participaram de programação cívico-educativa, além da visita, em grupo, a monumentos,  pontos turísticos e museus.
Cada participante foi chamado de ""Estudante Nota 10"" – uma referência ao superior desempenho do aluno em uma unidade escolar do Estado de origem. As passagens e estadias foram oferecidas pelo Governo do Distrito Federal. Os alunos tiveram acompanhamento permanente de professores e funcionários sob a supervisão direta da ADETUR-DF.
Registro, com orgulho, que Santa Catarina foi representada, nesse projeto educativo, por um estudante de 8° série do Conjunto Educacional Pedro II, de Blumenau. A escolha recaiu, por unanimidade dos professores, no nome de Jean Michel Huebner, filho de Engelbert e Ivone Huebner. Jean é um jovem de 14 anos de idade, que ao longo da vida escolar tem recebido médias anuais sempre superiores a 9 – a da 7ª série foi 9,6. Sua dedicação aos estudos é exemplar e reconhecida pelos próprios colegas, que o têm como monitor de classe.
Ao fazer este breve registro, é minha intenção parabenizar a ADETUR-DF pela promoção que incentiva a educação de nossos jovens. Ao mesmo tempo, quero saudar o centenário Conjunto Educacional Pedro II – que formou e forma milhares de cidadãos catarinenses e, em especial, blumenauenses. Por último, desejo cumprimentar o jovem Jean Huebner, desejando que persista nesse caminho que o conduzirá a grandes realizações em sua vida. Que seu exemplo sirva de inspiração para todos os jovens catarinenses.
Outro assunto, Sr. Presidente.
Em 12 de setembro de 1911 nascia Canoinhas, Município que hoje tem 51.600 habitantes, localizado no planalto norte catarinense. Os canoinhenses celebraram ontem 90 anos de sua emancipação político-administrativa.
Uma das marcas de Canoinhas é a sua diversidade étnica, que começou com a história do Município. A região era inicialmente habitada pelos índios xoklengs – até pouco tempo denominados de botocudos. Coletores e caçadores, os índios eram seminômades e tinham na floresta de araucárias seu melhor habitat. O primeiro branco a cruzar a região teria sido o espanhol Zacarias Cortes, em 1723. No século seguinte, Francisco de Paula Pereira fundou a Vila Santa Cruz de Canoinhas. A região atraiu imigrantes alemães, italianos, ucranianos e, no início do século passado, os japoneses. 
Em 1902, a vila foi elevada a distrito judiciário de Curitibanos, embora se encontrasse em área contestada pelo Paraná e por Santa Catarina. Os interesses pelo domínio do território levaram o governo catarinense à criação do Município de Santa Cruz de Canoinhas, o que ocorreu em 12  de setembro de 1911. Entre 1912 e 1916, eclodiu na  região a Guerra do Contestado, e Canoinhas viu-se envolvida no conflito, principalmente em 1914 e 1915, quando o Município foi atacado várias vezes pelos revoltosos.
Canoinhas chegou a viver alguns anos com o nome de Ouro Verde – tal  a importância da erva-mate para a atividade econômica. Hoje, mais de 30% da atividade econômica municipal está baseada na indústria – principalmente dos setores madeireiro, frigorífico e de beneficiamento da erva-mate. Comércio e agricultura completam o restante da economia local. 
No ano passado, a Secretaria de Estado do Desenvolvimento Social e da Família divulgou pesquisa que mostra o desenvolvimento social dos 293 Municípios catarinenses: trata-se do Índice de Desenvolvimento Social – IDS. A pesquisa leva em conta 17 indicadores sociais, econômicos e de saneamento básica. Canoinhas foi o Município que mais cresceu. Ocupa a 82ª posição, contra o modesto 201° lugar obtido na pesquisa de 1997.
Essa é uma revolução silenciosa. O Prefeito Orlando Krautler (PFL) afirma: ""O que está sendo feito muita gente não vê, mas os investimentos que fizemos na educação, na ação social e no esgotamento sanitário colaboraram para que subíssemos 119 posições na listagem estadual.""
De fato: no atendimento ao ensino fundamental Canoinhas obteve a nota máxima, por causa dos 15.960 estudantes matriculados que todo dia recebem merenda escolar. Neste ano de 2001, 6 mil estudantes freqüentam as escolas municipais, contra 2 mil e 700 em 1996.
No plano social, um dos melhores exemplos é a instalação do Jardim Santa Cruz, que tornou possível a construção da casa própria para 345 famílias pobres. Também muito importante é o atendimento aos idosos: no início de 1997, apenas 150 idosos freqüentavam oito grupos de terceira idade. Hoje, são 480 idosos inscritos em 18 grupos. Em relação ao esgotamento sanitário, o Município foi beneficiado com o sistema implantado no bairro Campo Água Verde, que atendeu 584 famílias.
Esses dados são importantes para afirmar que Canoinhas trilha o caminho do desenvolvimento. A boa gente canoinhense pode se orgulhar de sua terra e das escolhas políticas que fez. A administração municipal está respondendo à altura aos desafios que lhe são apresentados. Ela o faz com competência e determinação.
Por tudo isso, quero saudar todos os habitantes do Município, que neste dia celebram o 90° aniversário de fundação. Que Deus os mantenha sempre fortes, alegres e laboriosos, como têm sido aos longo desses noventa anos de vida! 
Parabéns a Canoinhas, ao Prefeito Orlando Krautler, à sua equipe e aos Vereadores da cidade!
Por último, Sr. Presidente, informo à Casa que acabo de apresentar à Mesa projeto de lei em que proponho o aumento do prazo de prescrição das condutas praticadas por agentes públicos nos casos de enriquecimento ilícito. Hoje, os crimes contra o patrimônio público prescrevem em apenas 5 anos. Por isso, o braço da lei às vezes tem dificuldade em alcançar os que conseguem camuflar adequadamente a roubalheira que praticam em Municípios do País. 
Para evitar que isso aconteça, proponho que se amplie para 20 anos a prescrição desses crimes. 
Sr. Presidente, espero contar com o apoio e a solidariedade da Casa para meu projeto de lei.
Era o que tinha a dizer."
2001-09-26T13:50;"CONGRATULAÇÕES, ADMINISTRAÇÃO MUNICIPAL, POPULAÇÃO, MUNICÍPIO, DOUTOR PEDRINHO, (SC), COMEMORAÇÃO, FESTA, NATUZA, PRESERVAÇÃO, VALORIZAÇÃO, MEIO AMBIENTE.
ANIVERSÁRIO, EMANCIPAÇÃO POLÍTICA, EMANCIPAÇÃO, NATUREZA ADMINISTRATIVA, MUNICÍPIO, BRAÇO DO TROMBUDO, (SC).";PEQUENO EXPEDIENTE;"O SR. PAULO GOUVÊA (Bloco/PFL-SC. Pronuncia o seguinte discurso. ) – Sr. Presidente,  Sras. e Srs. Deputados, de 28 a 30 de setembro, o Município de Doutor Pedrinho realiza sua 8ª Festa da Natureza.
 Celebrar a natureza ajusta-se perfeitamente às características de Doutor Pedrinho: rios, matas e flores compõem o cenário do Município localizado entre o Planalto Norte e o Vale do Itajaí. 
O relevo acidentado, cortado pelo Rio Benedito e seus afluentes, favoreceu a formação de cachoeiras, grutas e saltos. Um dos mais bonitos cenários é a cascata de Salto Donner, com 25 metros de queda e que forma uma imensa cortina de água. Distante 10 quilômetros do centro, encontramos a cachoeira Véu da Noiva, situada em local de rara beleza natural, com queda de aproximadamente 65 metros. A cascata do Alto Capivari, a 15 quilômetros do centro, possui uma queda de 40 metros. A cascata Forcação, propícia para banhos em dias de verão, tem uma queda de 15 metros.
Uma das riquezas naturais mais importantes do Município é a reserva biológica estadual de Sassafrás, com 41 quilômetros quadrados.
	É graças a essa exuberância natural que o Município escolheu a natureza como mote de sua principal festa, que será aberta na próxima sexta-feira, dia 28. Comidas típicas, bailes, festa das crianças e um festival da canção constituem os principais itens da programação festiva que se desenvolverá na Igreja Nossa Senhora da Glória.
Saúdo a administração municipal e o bom povo pedrinhense pela realização da oitava edição da Festa da Natureza. Em tempos em que a valorização do meio ambiente deve ser um compromisso permanente, Doutor Pedrinho dá exemplo concreto de respeito e de amor à natureza. 
Parabéns, pela brilhante promoção.
	Sr. Presidente, passo a abordar outro assunto.
Nesta quarta-feira, dia 26, o Município de Braço do Trombudo comemora seus dez anos de emancipação político-administrativa. 
Localizado no Alto Vale do Itajaí, Braço do Trombudo teve sua colonização iniciada em 1921 por imigrantes alemães que partiam de Blumenau e região e subiam o Rio Itajaí-açu por meio de trilhas abertas na mata.
Uma das peculiaridades turísticas do Município é a existência de uma fonte de águas sulfurosas, cujo princípio ativo, a sulfa, é indicado no tratamento terapêutico das doenças de pele, reumatismo e distúrbios estomacais. Aliado a isso, os cenários naturais favorecem a prática do camping, principalmente  em dois locais em que as principais atrações são cachoeiras com mais de 30 metros de altura.
A indústria é a principal atividade de Braço do Trombudo, representando 70% da economia municipal. Nesse setor, destacam-se a produção de féculas, tijolos, balanças, parafusos e porcas, vendidos para todo o Brasil e até exportados. Mas a agricultura tem também sua importância, notadamente a produção de milho, mandioca, feijão, arroz irrigado e fumo.
	Estas breves referências têm a intenção de registrar o 10º aniversário de Braço do Trombudo. Ainda jovem, o Município tem progredido sobretudo graças ao espírito empreendedor e de trabalho de seus habitantes.  É a essa boa e laboriosa gente que dirijo minha homenagem pelo muito que já realizaram. Saúdo-os cordialmente e envio-lhes meus calorosos parabéns."
2001-10-03T14:14;"HOMENAGEM, ANIVERSÁRIO, MUNICÍPIO, (SC), CHRISTIAN MATHIAS SCHROEDER, FUNDADOR, OSVALDO JURCK, PREFEITO, ORLANDO TECILLA, VICE PREFEITO.
JERÔNIMO TOMASELLI, EMPRESÁRIO.";PEQUENO EXPEDIENTE;"O SR. PAULO GOUVÊA (Bloco/PFL-SC. Sem revisão do orador.) - Sr. Presidente, peço a V.Exa. que dê como lido pronunciamento em que faço uma homenagem ao Município catarinense Schroeder pelo seu 37º aniversário e pela abertura da sua Schroederfest, no dia 5 de outubro.
	Muito obrigado.
Sr. Presidente, nos próximos dias 05, 06 e 07, o Município de Schroeder estará promovendo a sua Schroederfest, em comemoração ao seu 37º. Aniversário de emancipação político-administrativa.
As solenidades serão abertas na noite do dia 05, no ginásio de esportes Alfredo Pasold. Nos dois dias seguintes, a programação prevê a realização de competições esportivas – última etapa do campeonato catarinense de canoagem, 4º. campeonato    de moto velocidade, tiro ao alvo, passeio ciclístico e jogos de futebol - atividades culturais – IX Noite Cultural e I Encontro da Sabedoria (3ª. idade) – sorteio de prêmios e show pirotécnico. No sábado, dia 06, haverá farta distribuição de chope pelas principais ruas da cidade.
A história de Schroeder – Município com 150 km2, localizado na região norte catarinense – começou com a cessão de alguns lotes da Colônia Dona Francisca ao alemão de origem pomerana Christian Mathias Schroeder. Em 1901, começaram a chegar à região imigrantes alemães e em 1919 foi a vez dos italianos tentarem a sorte. Dentre eles, merece destaque o Sr. Jerônimo Tomaselli – homem empreendedor que em 1926 começou com uma modesta serraria movida a roda d'água, executando naquele tempo uma função importantíssima. Hoje, o grupo Tomaselli é conhecido até internacionalmente.
Desde a chegada dos desbravadores, a agricultura nunca deixou de ser a locomotiva do PIB municipal. A principal cultura é a da banana, com produtividade de 30 toneladas por hectare, a maior  da região norte catarinense. Outras culturas são a do milho e a do arroz irrigado. A piscicultura – principalmente de carpas e trutas – já atraiu muitos produtores. A maioria das indústrias é de pequeno e médio porte e dedicam-se aos setores de vestuário, metalúrgico e do mobiliário.
Schroeder foi elevado a Distrito de Guaramirim em 1959, sendo seu primeiro intendente o Sr. Helmuth Hertel. O povo, por intermédio de suas lideranças, iniciou o movimento que daria independência política e administrativa ao distrito. Assim, Schroeder chegava a Município cinco anos depois, em 1964, por ato do presidente da Assembléia Legislativa, Ivo Silveira, tendo sido nomeado prefeito provisório o Sr. Paulo Roberto Gneipel.
Quero cumprimentar a administração municipal comandada pelo Prefeito Osvaldo Jurck e pelo seu vice Orlando Tecilla. Ao mesmo tempo, desejo saudar os schroedenses que comemoram os 37 anos de criação de seu Município. A bela história de Schroeder foi construída pela laboriosidade de seus habitantes. O futuro dessa terra será ainda mais brilhante se sua boa gente perseverar na trilha de progresso aberta por seus fundadores.
Parabéns ao Município e êxitos a Schroederfest."
2001-10-04T12:21;"INUNDAÇÃO, MUNICÍPIOS, (SC), PREJUÍZO, NECESSIDADE, RECURSOS, GOVERNO FEDERAL, REPARAÇÃO, DANOS.
REALIZAÇÃO, FESTA POPULAR, MUNICÍPIO, (SC).
PROJETO DE LEI, HOMENAGEM PÓSTUMA, JORNALISTA, DENOMINAÇÃO, TRECHO, RODOVIA, (SC).";BREVES COMUNICAÇÕES;"O SR. PAULO GOUVÊA (Bloco/PFL-SC. Sem revisão do orador.) - Sr. Presidente, Sras. e Srs. Deputados, ao longo de seus 151 anos, Blumenau sofreu sessenta enchentes. Em média, uma a cada 2,5 anos. Em todas elas, o belo Rio Itajaí-Açu tem mostrado sua face menos cordial, deixando o leito, invadindo terras e casas do Município e provocando a morte de pessoas.
As maiores cheias ocorreram em 1880 e 1911, chegando o rio a ultrapassar em 17,10 metros e em 16,90 metros, respectivamente, o seu nível normal. Em época mais recente, 1983 e 1984, as águas do rio atingiram 14,69 metros e 15,46 metros, com um saldo trágico de quarenta pessoas mortas. E não tiveram curta duração: as chuvas persistiram por até trinta dias.
Agora, no início de outubro, o rio voltou a transbordar, chegando, no dia 1º, a 11,02 metros acima de seu leito. Por três dias, chuvas intensas e persistentes desabaram em todo o Vale do Itajaí, trazendo em sua esteira a destruição de casas, obstruindo estradas e danificando propriedades. De acordo com o Instituto de Pesquisas Ambientais da FURB, das 15h de domingo às 17h de segunda-feira foram registrados 127 milímetros de chuva, índice equivalente a um mês de precipitação.
Os danos foram imensos: dezessete Municípios do Vale do Itajaí decretaram estado de emergência, e o número de desabrigados chegou a 6 mil. Particularmente, alguns Municípios do Alto Vale do Itajaí, como Rio do Sul e Presidente Getúlio, entre outros, tiveram pesados prejuízos com a destruição provocada pela cheia.
Apesar de todos esses problemas, os blumenauenses não se abatem. Após as enchentes de 1983 e 1984, Blumenau se recuperou com seu próprio esforço e também com o auxílio de todo o Brasil e até do exterior. Recuperou-se e festejou. Foi assim que, no mesmo ano de 1984, nasceu a Oktoberfest, a maior de todas as festas de Blumenau e a segunda maior do Brasil. Na esteira da Oktoberfest, outras festas surgiram no Vale: a Fenachopp (Joinville), a Fenarreco (Brusque), a Marejada (Itajaí), a Kegelfest (Rio do Sul), a Schutzenfest (Jaraguá do Sul) e a Schroeder Fest (Schroeder).
Justamente hoje, alguns dias após a enchente, Blumenau dá início à sua 18ª Oktoberfest. De 4 a 21 de outubro, o Município vive dezoito dias de muita festa e alegria, em confraternização com milhares de pessoas de todo o Brasil e até do exterior. Após as angustiantes horas da recente cheia, os blumenauenses festejam a vida e a esperança de dias melhores.
Como de outras vezes, Blumenau e o Vale do Itajaí precisam de recursos financeiros para a reconstrução do que foi levado pelas cheias. A Defesa Civil do Estado deverá receber nos próximos dias os relatórios circunstanciados das ocorrências. Só então será possível contabilizar os prejuízos, que não são pequenos. A União e o Estado serão procurados para socorrer, em mais esta urgente empreitada, os Municípios atingidos. O apoio será imprescindível para restabelecer os serviços públicos e para atender milhares de pessoas atingidas duramente em seu patrimônio.
	Aproveito a oportunidade, Sr. Presidente, Sras. e Srs. Deputados, para comunicar à Casa que estou apresentando projeto de lei em que se confere ao trecho da BR-282 entre Lages e São José do Cerrito, no Estado de Santa Catarina, o nome de jornalista José Paschoal Baggio."
2001-10-30T13:26;DEFESA, DESTINAÇÃO, RECURSOS ORÇAMENTÁRIOS, ORÇAMENTO, UNIÃO FEDERAL, RODOVIA, (SC), CRÍTICA, GOVERNO FEDERAL, AUSÊNCIA, INVESTIMENTO.;PEQUENO EXPEDIENTE;"O SR. PAULO GOUVÊA (Bloco/PFL-SC. Pronuncia o seguinte discurso.) - Sr. Presidente, Sras. e Srs. Deputados, estou aqui hoje para defender a inclusão no Orçamento da União de 2002 de verbas para rodovias federais em Santa Catarina, muito especialmente a BR-470 e a BR-280. Não falo da BR-101 e da BR-282 porque essas, felizmente, já foram contempladas na proposta que o Executivo enviou ao Congresso Nacional. As duas primeiras, sim, merecem toda a nossa atenção, todo o esforço e a dedicação da bancada catarinense e de todos que têm responsabilidade na elaboração do Orçamento.
	O Estado de Santa Catarina, historicamente, tem tido enormes dificuldades para conseguir recursos para suas rodovias federais. Como já exerci o cargo de Secretário de Transportes do meu Estado e tenho-me dedicado a esse setor, muita gente me pergunta a razão desses obstáculos. Essas pessoas têm em mente a novela que tem sido a pavimentação da BR-282 e, mais recentemente, a melhoria das condições de tráfego na BR-280 e na BR-470; a própria duplicação da BR-101 só saiu com muita briga.
	Será que o nosso problema é de representatividade política? Sim, sem dúvida esta é uma das razões das nossas dificuldades. É claro que Santa Catarina com os seus dezesseis Deputados pesa menos politicamente do que São Paulo, Minas Gerais, Bahia ou o Rio Grande do Sul, que têm bancada muito mais numerosa. Mas esse não é o maior problema. Existem duas causas ainda mais importantes para as barreiras que o nosso Estado encontra quando luta pelos recursos para as rodovias.
	A primeira é a escassez de recursos, que não atrapalha apenas o nosso Estado. Quando o cobertor do dinheiro é curto, descobre todos com igual desconforto. Já o segundo problema é inteiramente nosso, é o fato de que as nossas rodovias mais carentes parecem interessar apenas ao nosso Estado.
As BRs 282, 470 e 280, que cruzam nosso território no sentido leste-oeste, praticamente começam e terminam dentro do Estado. E a União tem, historicamente, ignorado essas estradas, preferindo investir naquelas do sentido norte-sul, que cortam vários Estados. É um grande equívoco. A BR-282 nos liga com a Argentina, a BR-470 nos leva ao Rio Grande do Sul e a BR-280 é importante elo com o Paraná e também com Argentina e Paraguai. Todas elas são importantes corredores de exportação pelos quais trafegam produtos que saem pelos portos catarinenses rumo ao exterior. Mas a visão tem sido a da desimportância nacional dessas estradas. 
	A BR-282 só ganhou o asfalto que tem porque, na administração Vilson Kleinubing, quando fui Secretário de Transportes, o Estado investiu muito para concluir o trecho Lages—Rio Canoas e iniciou o Contorno de Santo Amaro. Governos anteriores também tiveram que investir na rodovia. A BR-470 só foi concluída entre Gaspar e Navegantes porque, na mesma época, o Estado assumiu a responsabilidade da obra. Da mesma forma, na BR-280, fizemos boa parte do Contorno de São Bento e tivemos que lutar pela restauração do trecho do Planalto Norte.
	A própria duplicação da BR-101 talvez só se tenha iniciado naquela ocasião porque a imprensa fez uma campanha sem precedentes e porque decidimos, ousadamente, iniciar a obra por conta própria nos pontos mais críticos da rodovia. Isso com a BR-101, que interessa profundamente ao País todo. Com as outras três, é ainda mais difícil.
	Mas a bancada catarinense está cumprindo com seu dever. Dentre as maiores prioridades incluídas em nossas emendas para 2002 estão presentes as rodovias da integração catarinense. Temos consciência de que a luta que começamos com a apresentação dessas emendas vai ser longa e sofrida. Mas tenho a plena convicção de que as BRs 280 e 470, além da 282 e da 101, terão as obras que a nossa gente exige e merece, porque se começou a criar a combinação indispensável, e vencedora, da vontade política com a viabilização dos recursos."
2001-10-31T13:02;CRÍTICA, PREÇO, GÁS NATURAL, IMPORTAÇÃO, PAÍS ESTRANGEIRO, BOLÍVIA, PREJUÍZO, COMPETITIVIDADE, INDÚSTRIA, (SC), DEFESA, EQUIDADE, PREÇO.;PEQUENO EXPEDIENTE;"O SR. PAULO GOUVÊA (Bloco/PFL-SC. Pronuncia o seguinte discurso.) – Sr. Presidente, Sras. e Srs. Deputados, muito embora não estejam submetidas ao sistema de racionamento de energia, as indústrias de Santa Catarina ressentem-se de problema que lhes tira a competitividade. Refiro-me aos preços do gás natural importado cobrados no Estado.
Os empresários catarinenses têm sido parceiros da PETROBRAS e da SCGás na implantação do gás natural importado da Bolívia. Por conta da competitividade desse insumo em relação ao GLP e ao óleo combustível, cerca de 35 indústrias de Santa Catarina passaram a utilizar o gás natural importado. Até a ativação do GASBOL, o GLP era 40% mais barato do que o gás natural. Hoje, entretanto, a diferença é de apenas 15%.
Em Santa Catarina, o gás natural importado é aproximadamente 50% mais caro do que o gás nacional vendido nos Estados das Regiões Nordeste e Sudeste. A diferença penaliza as indústrias catarinenses que consomem, atualmente, 650 mil metros cúbicos/dia. Perdem, assim, competitividade em relação às suas concorrentes de outros Estados.
É importante assinalar que desde a data da primeira emissão da tabela de preços do gás natural importado (15 de maio de 1998) até a data do último reajuste (16 de junho de 2001) o preço sofreu oito alterações, somando variação de 194,08%. Usando os mesmos parâmetros que servem de referência para o reajuste do preço do gás natural importado nesse mesmo período, o dólar e o barril de petróleo tipo Brent tiveram, respectivamente, variações de 111,40% e 95,14%.
Além de prejudicar a competitividade das indústrias que já utilizam o gás natural importado, os preços cobrados estão impedindo outras indústrias de utilizar o combustível. É o caso das indústrias dos setores têxtil e cerâmico, resistentes às mudanças dos seus atuais combustíveis: o óleo AI e, em alguns casos, a própria lenha, e o GLP no setor cerâmico. Ao mesmo tempo, muitas indústrias abastecidas pelo gás estão repensando suas estratégias. Algumas estão cogitando o retorno às suas antigas matrizes energéticas.
A gravidade da situação fez com que a Federação das Indústrias do Estado de Santa Catarina lançasse manifesto sobre o tema. Na reunião do Fórum Parlamentar Catarinense, realizada no dia 26 de setembro último, o 1º vice-Presidente da FIESC, Sr. Alcântaro Corrêa, expôs com clareza a questão do preço do gás natural importado.
As manifestações enfatizam a necessidade de equalização federativa dos preços praticados. Só assim a indústria catarinense deixará de perder competitividade, até mesmo internacional, frente aos Estados que atualmente cobram preços menores.
O assunto precisa ser analisado com carinho pelo Ministério de Minas e Energia e pela Agência Nacional do Petróleo. Os representantes da indústria catarinense poderiam ser convidados para reunião com as autoridades federais. Será excelente oportunidade para debate sério e consistente acerca desse grave problema que afeta a indústria de meu Estado.
	Era o que tinha a dizer."
2001-11-07T13:42;PESQUISA, OPINIÃO PÚBLICA, ELEIÇÕES, PRESIDÊNCIA DA REPÚBLICA, AVALIAÇÃO, LUIZ INÁCIO LULA DA SILVA, ROSEANA SARNEY.;PEQUENO EXPEDIENTE;"O SR. PAULO GOUVÊA (Bloco/PFL-SC. Pronuncia o seguinte discurso.) – Sr. Presidente, Sras. e Srs. Deputados, o exame atento das muitas pesquisas divulgadas pela imprensa, relativas à eleição presidencial do ano que vem, revela dois fatos indiscutíveis. O primeiro é o desconhecimento dos brasileiros sobre os possíveis candidatos à Presidência da República. As pesquisas mostram que, à exceção de Lula e Ciro Gomes, que já disputaram eleições anteriores, os demais pretendentes ao trono presidencial são pouco ou nada conhecidos do público eleitor. As respostas relativas ao nível de conhecimento dos candidatos mostra isso com clareza. E o segundo fato, também cristalino, é que o povo brasileiro está querendo alguma coisa nova; quer uma cara diferente da cara atual da política brasileira. O eleitor parece enjoado de tudo o que está aí; está cansado das figurinhas de sempre, sejam elas de que partido forem, sejam situação, oposição ou coluna do meio. Uma evidência disso é que o Sr. Luiz Inácio Lula da Silva, recordista nacional de eleições presidenciais, ele sim conhecidíssimo em todo o País, não consegue passar daqueles trinta e poucos por cento que sempre teve. E vejam que o cenário político está exatamente do jeito que a Oposição gosta! 
A situação brasileira, neste presente momento, é o ambiente ideal para inflar qualquer candidatura de oposição. Do jeito que a coisa está, com crise energética, com crise argentina, dólar lá nas nuvens, um candidato como o Lula, que encarna mais do que ninguém a imagem da Oposição, também deveria estar nas nuvens; ele deveria estar acima dos cinqüenta por cento, mas empacou nos trinta e poucos e daí não sai. É o cansaço do povo com as caras muito manjadas.    
	Outro sintoma claro de que os brasileiros querem ver um filme que já não tenham visto tanto por aí é o surpreendente desempenho, nas pesquisas, da Governadora do Maranhão, Roseana Sarney. Um desempenho que, com certeza, se deve principalmente à circunstância do fato novo. Seria ingenuidade imaginar que Roseana chegou ao segundo lugar na preferência dos eleitores graças aos seus dotes de administradora ou de política. Essas qualidades o povo ainda não conhece. Ela está lá longe, no seu Estado tão ao Norte, e o fato é que pouca gente, no resto do Brasil, sabe direito o que está acontecendo de bom no Maranhão. Ela é bem avaliada nas pesquisas, neste momento, por outro motivo – porque é mulher. E este é um fato novo numa eleição presidencial brasileira. Ela é mulher, ela é uma cara nova, e ela aparece na televisão como pessoa simples e meiga. Não tem a cara dos políticos profissionais ou dos burocratas que anseiam chegar à presidência.
	O povo brasileiro já queria coisa nova, e quebrou a cara, quando votou no Fernando Collor. Encheu-se mais tarde de otimismo quando elegeu e reelegeu o estilo diferente e as qualidades de estadista do Presidente Fernando Henrique. E continua procurando alguém que possa preencher seu desejo, inquebrável, de ver o Brasil definitivamente direcionado no rumo da prosperidade, da qualidade de vida e da decência administrativa e política. 
Por tudo isso, como as pesquisas mostram, o eleitor do nosso País anda à cata de uma figura nova em quem possa depositar sua confiança na eleição presidencial do ano que vem. O povo anda vasculhando as alternativas que se apresentam, em busca de alguém que possa corresponder melhor ao perfil, que traçou, de um presidente capaz, realizador e honesto. Quem sabe, a solução não seja uma mulher?! 
	Que meus caros colegas de todos os Estados irmãos, que formam nossa grande e amada Pátria, perdoem minha falta de modéstia, mas, nós, catarinenses, ficaríamos muito felizes se pudéssemos ter um Brasil um pouco mais parecido com Santa Catarina; se pudéssemos um dia ver na Presidência da República uma cara mais parecida com o bravo povo, com esta gente trabalhadora, competente e séria do nosso Estado. Não importa, para nós, que o nome certo, se a figura adequada, seja do Sul, do Norte, do Oeste, seja de onde for. Pode ser do Maranhão, por exemplo. O importante é que o sucessor de Fernando Henrique continue tudo o que de extraordinariamente bom o atual Presidente está fazendo, mas avance mais, ainda muito mais no caminho desejado pelo povo – o caminho da prosperidade com liberdade e justiça social. É a isto que o cidadão tem direito. Isto é parte substancial dos direitos básicos de que o cidadão brasileiro é titular por força da Constituição Brasileira. E é isto o que o povo que vota ainda está procurando – como demonstram as pesquisas eleitorais."
2001-11-08T09:06;HOMENAGEM, ANIVERSÁRIO, EMANCIPAÇÃO POLÍTICA, MUNICÍPIO, SC.;BREVES COMUNICAÇÕES;"O SR. PAULO GOUVÊA (Bloco/PFL-SC. Pronuncia o seguinte discurso.) - Sr. Presidente, Sras. e Srs. Deputados, o Município de Massaranduba celebra seus 40 anos de emancipação político-administrativa no próximo dia 11 de novembro. Localizado na região norte catarinense, o Município tem 427 quilômetros quadrados de área e foi colonizado por imigrantes do sul da Alemanha, que se instalaram na região por volta de 1870, com o propósito de se dedicarem à agricultura. No início do século 20, a eles se juntaram italianos e poloneses, e posteriormente os açorianos. Em 1920, quando foi feito o primeiro censo, Massaranduba totalizava 961 famílias e 6.216 habitantes.
A persistência e o trabalho de seu povo transformaram o Município na capital catarinense do arroz, justamente por ter a maior produção e a maior produtividade dessa cultura no Estado. Por essa razão, Massaranduba realizará, no próximo ano, de 30 de abril a 5 de maio, a tradicional Fecarroz — Festa Catarinense do Arroz. Durante esse seis dias, o produto será oferecido a visitantes nos mais variados pratos e formas de servir. 
Além de produzir, Massaranduba faz o beneficiamento do arroz por intermédio da Cooperativa Juriti Ltda. A cooperativa tem 695 associados e capacidade de armazenamento de 33.350 toneladas.
O Município foi propriamente constituído em 1948, quando o Governador Aderbal Ramos da Silva o emancipou de Guaramirim, nomeando o Sr. José Cordeiro como seu primeiro Prefeito. Essa condição durou pouco, pois em seguida Massaranduba passou novamente a ser distrito. A emancipação definitiva ocorreu em 1961, recebendo o Município o nome de Adolfo Konder. Em resposta a um abaixo-assinado feito pela população, o Município passou a denominar-se definitivamente Massaranduba, nome de uma determinada espécie de madeira de cor rósea que existia na região.
Na data de aniversário de Massaranduba, quero cumprimentar os ilustres Vereadores e a administração municipal, competentemente dirigida pelo Prefeito Dávio Leu e pelo Vice-Prefeito Mário Fernandes Reinke. Mas, sobretudo, desejo saudar a boa e laboriosa gente massarandubense. Graças a ela, a cidade pode orgulhar-se de ocupar a posição de destaque que alcançou entre os 293 Municípios catarinenses."
2001-11-28T13:20;INVESTIMENTO RODOVIÁRIO, GOVERNO ESTADUAL, SC, RESTAURAÇÃO, PAVIMENTAÇÃO, RODOVIA, FINANCIAMENTO EXTERNO.;PEQUENO EXPEDIENTE;"O SR. PAULO GOUVÊA (Bloco/PFL-SC. Pronuncia o seguinte discurso.) - Sr. Presidente, Sras. e Srs. Deputados, há poucos dias, o Governo do Estado de Santa Catarina realizou concorrência pública para o asfaltamento de 226 quilômetros de estrada e a restauração de mais 426 quilômetros. 
Entre as rodovias licitadas, estão algumas há muito tempo desejadas pela população, como, por exemplo, as ligações de Trombudo Central a Braço do Trombudo, de Anita Garibaldi a Campo Belo do Sul, de São João do Itaperiú a Massaranduba, de Caçador a Porto União e de Rio Rufino à BR-282.
É o início do Programa BID IV, programa rodoviário financiado pelo Banco Interamericano de Desenvolvimento. Nesse programa, o BID entra com 150 milhões de dólares, e o Estado com outro tanto. Santa Catarina vai ganhar, num período de cinco anos, perto de 1.500 quilômetros de estradas asfaltadas ou recuperadas. E, mais: programa de segurança nas rodovias inclui a aquisição de 150 lombadas eletrônicas, sinalização rodoviária, construção de trevos e rotatórias em pontos críticos e reaparelhamento da Polícia Rodoviária Estadual.
A segunda etapa de licitações do Programa BID IV deverá acontecer no ano que vem, abrangendo mais 500 quilômetros de rodovias, incluindo, entre muitas obras, o acesso de Timbó Grande à BR-116, a ligação de Doutor Pedrinho a Itaiópolis, de Itá a Seara e de Romelândia a Anchieta, o acesso sul de Governador Celso Ramos, a ligação de Capinzal a Tupitinja e à BR-470, de Serra Alta a Campo Erê, de São Carlos a Saudades, Guaramirim a Joinville e de Luiz Alves a Gaspar e a Blumenau, minha cidade.
	Quando  Secretário dos Transportes do Governador Vilson Kleinubing, tive a oportunidade e o privilégio de concluir o Programa BID II e de negociar e iniciar as obras do BID III. Posso dizer que essa seqüência, que agora chega à quarta etapa, compõe um senhor programa, que tem garantido ao Estado de Santa Catarina sistema viário de excelente qualidade e em constante expansão. 
Mas um programa como esse só se faz com financiamento. O Estado não tem recursos suficientes para tanto asfalto. E, para obter o financiamento, é preciso ter crédito e credibilidade; é indispensável ter as contas em dia, saldar as dívidas, equilibrar receita e despesa. O Estado que consegue isso, graças a administrações sérias, cria a condição básica para pavimentar os caminhos do seu progresso e garantir a prosperidade da sua gente.
Santa Catarina, felizmente, tem de novo crédito na praça. Isso acontece graças ao extraordinário esforço de austeridade empreendido pela administração do Governador Esperidião Amin e do Vice-Governador Paulo Bauer. O resultado está aí. O BID IV começa a deslanchar, o programa de microbacias com o Banco Mundial está para sair, e o PRODETUR, voltado para o turismo, começa no ano que vem. Tudo isso é sinônimo de progresso, é garantia de emprego e desenvolvimento para a brava gente de Santa Catarina, que dá, todos os dias, o exemplo de seriedade e dedicação que os homens públicos têm obrigação de seguir. 
Muito obrigado, Sr. Presidente."
2001-12-04T14:42;EXPOSIÇÃO, ARTESANATO, FOLCLORE, FESTA NATALINA, CIDADE, SC.;PELA ORDEM;"O SR. PAULO GOUVÊA (Bloco/PFL-SC. Pela ordem. Pronuncia o seguinte discurso.) – Sr. Presidente, Sras. e Srs. Deputados, a comunidade que hoje representa o Município de Ibirama foi fundada há 104 anos, como resultado da colonização iniciada pela Sociedade Colonizadora Hanseática, uma das entidades criadas na Alemanha para supervisionar as imigrações para o Brasil. Em 1912, a colônia foi elevada a distrito de Blumenau, ocorrendo sua emancipação político-admistritativa em 1934.
Dois nomes merecem ser citados na história de Ibirama: Paul Altinger e José Deeke. O primeiro era pastor e professor, poeta, escritor, filósofo e conselheiro. Fundou uma escola agrotécnica no seu ""Palmenhof"" (jardim das palmeiras) e o jornal Hansabote (O mensageiro da Hansa), que circulou até 1913. José Deeke (nome da principal praça da cidade) dirigiu durante 20 anos a Sociedade Colonizadora Hanseática.
Desde o dia 1° de dezembro, até o dia 9 próximo, acontece no Município, pela nona vez, o Mercado de Natal (Weihnachstsmarkt). A exemplo de eventos idênticos que ocorrem na Alemanha, o Mercado baseia-se na venda de artesanato natalino, apresentações folclóricas e gastronomia típica, preservando as tradições do Natal do Município.
A Weihnachstsmarkt foi aberta no último sábado, no Pavilhão de Eventos da cidade, com a caminhada natalina, conduzida pela Fanfarra Natalina, que culminou com a formação da Grande Árvore da Integração e com a cantata natalina, apresentada por um coral de 200 vozes.
Durante os nove dias de festa, as programações giram em torno de diversos temas: religioso (culto ecumênico campal e recital do advento), esportivo (campeonato de rafting, rapel urbano e enduro de motovelocidade), cultural (noite de danças natalinas, festival da canção, apresentação de grupos folclóricos e da Orquestra Municipal de Indaial), integração regional (feira de negócios do Vale  Norte e encontro de Prefeitos e rainhas das festas regionais).
Desejo saudar a boa gente ibiramense e a administração municipal, competentemente dirigida pelo Prefeito Genésio Ayres Marchetti e pelo Vice-Prefeito Odórico de Andrade. O Mercado de Natal é uma excelente mostra das potencialidades, das realizações e da criatividade do povo de Ibirama, a quem cumprimento e envio meus parabéns."
2001-12-18T13:00;"PROJETO DE LEI, EXECUTIVO, ALTERAÇÃO, CLT, FLEXIBILIZAÇÃO DO TRABALHO, ACORDO COLETIVO DE TRABALHO, NEGOCIAÇÃO COLETIVA DE TRABALHO, APOIO.
DIREITOS E GARANTIAS TRABALHISTAS, PRESERVAÇÃO.
PARTIDO POLÍTICO, OPOSIÇÃO, CRÍTICA.";PEQUENO EXPEDIENTE;"O SR. PAULO GOUVÊA (Bloco/PFL-SC. Pronuncia o seguinte discurso.) – Sr. Presidente,  Sras. e Srs. Deputados, depois de muito barulho, foi, afinal, votado na Câmara dos Deputados — e está na pauta do Senado Federal — o projeto de lei que flexibiliza a CLT, um dos projetos mais polêmicos, mais xingados e, certamente, um dos mais mal compreendidos da história do Congresso Nacional. 
Na verdade, Sr. Presidente,  não precisaria ter havido esse tumulto todo que se viu no plenário da Câmara e no Brasil afora, se tivesse havido mais bom senso das partes conflitantes. O Governo não deveria ter colocado o projeto em regime de urgência. A pressa prejudicou a discussão e impediu a compreensão do projeto. E a Oposição poderia ter tido o cuidado de ler o que estava sendo proposto antes de atirar contra o projeto a saraivada de bobagens que se ouviu neste plenário.
	Votei a favor da flexibilização. Acho que a ampliação do espectro das negociações é interessante para os trabalhadores e para as empresas. Mas respeito aqueles que discordam do meu ponto de vista, como é o caso, por exemplo, dos novos dirigentes do Sindicato dos Trabalhadores da Indústria Têxtil de Blumenau, minha cidade. Compreendo a apreensão desses líderes diante de um fato novo que afeta situações tão importantes para a classe que representam. Só não posso admitir o que continua sendo propagado por aí, não pelo sindicato, mas por alguns irresponsáveis, que esse projeto de lei cancela direitos históricos dos trabalhadores. Sr. Presidente, no mínimo, isto é um desrespeito à inteligência dos trabalhadores do nosso País. Os principais direitos trabalhistas estão todos protegidos pela Constituição Federal ou por lei complementar e, portanto, não podem ser prejudicados por uma lei comum como esta que foi votada. E, mesmo assim, chovendo no molhado, esse projeto de lei diz expressamente que aqueles direitos ficam todos garantidos. 
Nada disso impediu, entretanto, que a Oposição fustigasse o projeto e colocasse os Deputados que o apoiaram numa lista de traidores do povo.
Quem melhor analisou esse surto de insanidade que se abateu sobre o Congresso foi o jornalista Márcio Moreira Alves. Comentando a irracionalidade de se atribuir ao projeto o cancelamento de direitos trabalhistas, o ex-Deputado diz, num artigo apropriadamente intitulado ""Razão e Loucura"", que ""o besteirol correu solto"" e que ""alguns Deputados da oposição pareciam esperar que ninguém tivesse lido o que seria votado"". E acrescentou: ""Grande parte da esculhambação é puro teatro. Quando o deputado Paulo Paim rasga a Constituição, não está fazendo política. Está fazendo palhaçada, com a intenção de ganhar espaço na mídia"". 
Mas não é só isso. O ataque virulento que alguns setores da Oposição fazem aos Parlamentares que votaram a favor do projeto revela, ainda, além da demagogia irresponsável, uma face intolerante e totalitária. Distribuir panfletos, como alguns Deputados do PT estão fazendo, taxando colegas Parlamentares de ""inimigos dos trabalhadores"", é uma atitude essencialmente fascista. A convivência democrática exige respeito à opinião do adversário, mesmo quando se discorda dela. Quem não concorda pode e deve manifestar sua contrariedade, mas nunca agredindo o adversário; nunca, como diz Márcio Moreira Alves, com besteirol e palhaçada; muito menos com fanatismo e intolerância. E a verdade é que direito algum, de quem quer que seja, é prejudicado pelo projeto de lei que flexibiliza as relações de trabalho. 
O que o projeto de lei propõe é simplesmente permitir que empresas e trabalhadores possam negociar aspectos acessórios de alguns desses direitos. Por exemplo,  o décimo terceiro salário, que é garantido pela Constituição, assim como seu valor. Isso ninguém pode mudar. Mas a forma de pagamento do décimo terceiro, se em duas vezes, como diz a CLT, ou em quatro ou mais vezes, poderá ser alterada, desde que haja acordo expresso entre os trabalhadores e a empresa. Caso contrário, continua tudo exatamente como está na CLT.
Creio que a flexibilização tem tudo para dar certo, especialmente em Santa Catarina. No meu Estado, há as duas condições mais importantes para o sucesso da nova legislação: empresários modernos e sindicatos sérios e competentes. Nesse cenário, pode realmente ser muito bom, para os trabalhadores e para as empresas, dispor de maior flexibilidade de negociação. Ao invés de ter na mesa apenas a questão salarial, a pauta de negociação poderá incluir, por exemplo, as condições de pagamento do décimo terceiro ou o valor da hora noturna. 
Com inteligência, o sindicato pode fazer disso um trunfo para a obtenção de melhores resultados naquilo que é mais importante para o trabalhador: garantia do emprego e dinheiro no bolso. E o empresário poderá garantir o emprego, adaptando melhor suas despesas ao fluxo da receita. 
E não ocorrerá o que acontece hoje comumente com pequenas e microempresas, que têm de ir ao banco pagar juros para fazer frente ao décimo terceiro apenas naquelas duas parcelas.
Em todo caso, se a experiência não der certo, também não será para sempre. A lei terá validade por dois anos. Depois disso, extingue-se, a não ser, é claro, que todos, empregados e patrões, fiquem satisfeitos. Nesse caso será elaborada nova lei, semelhante a essa. E aí, quem sabe, já sem o tiroteio que tivemos nesta votação.  
	Muito obrigado, Sr. Presidente."
2001-12-19T14:16;PESQUISA, OPINIÃO PÚBLICA, SUCESSÃO, PRESIDÊNCIA DA REPÚBLICA, CRESCIMENTO, CANDIDATURA, GOVERNADOR, MA.;PEQUENO EXPEDIENTE;"O SR. PAULO GOUVÊA (Bloco/PFL-SC. Pronuncia o seguinte discurso.) – Sr. Presidente, Sras. e Srs. Deputados, três novas pesquisas sobre a eleição presidencial foram divulgadas nos últimos dias. Uma, feita pelo IBOPE, para a Confederação Nacional da Indústria, outra, pelo Instituto Sensus, para a Confederação Nacional dos Transportes, e uma terceira, do Instituto Datafolha, publicada pelo jornal Folha de S.Paulo. As três apontam o crescimento da Governadora Roseana Sarney, comparativamente com levantamentos anteriores feitos pelos mesmos institutos. É assim que se avalia uma pesquisa: comparando com outra, anterior, do mesmo órgão. Não dá para tirar conclusões, comparando pesquisas de institutos diferentes porque cada um tem sua metodologia. E mais: os resultados só são realmente confiáveis quando vários institutos apontam numa mesma direção. 
É por isso que já se pode afirmar, com segurança, que o fato novo, forte, desse período pré-eleitoral é a candidatura de Roseana Sarney. Todos os institutos de verificação de opinião pública, sem exceção, estão indicando a mesma coisa: Roseana firmou-se no segundo lugar da preferência do eleitorado e aproxima-se cada vez mais do primeiro colocado, Luiz Inácio Lula da Silva. 
A pesquisa do IBOPE, realizada entre 29 de novembro e 3 de dezembro, mostra Lula com 31%, Roseana com 16%, Ciro Gomes com 10%, Garotinho com 9%, Itamar Franco com 7% e José Serra com 5%. 
A pesquisa anterior IBOPE/CNI é de setembro. E de lá para cá, Serra, Itamar, Garotinho e Ciro Gomes baixaram entre um e três pontos. Lula subiu um ponto percentual e Roseana subiu quatro pontos: de 12 para 16%. Não resta dúvida de que a Governadora do Maranhão firma-se no segundo lugar e continua crescendo. 
A mesma tendência do eleitorado é revelada pela pesquisa Sensus/CNT. Porém aí, devido, talvez em parte a uma diferença de metodologia, aparecem números bem mais eloqüentes. O levantamento da  Sensus foi feito entre 6 e 11 de dezembro, uma semana, portanto, depois daquele do IBOPE. E mostra Roseana Sarney tecnicamente empatada com Lula,  ambos na faixa de 26% da preferência do eleitorado. Comparando com o levantamento realizado pelo mesmo instituto em setembro, Lula teria caído de 31 para estes 26%, enquanto Roseana teria crescido dez pontos, de 16 para  26%. 
O Instituto Datafolha fez sua pesquisa entre os dias 12 e 14 deste mês. E o resultado é muito próximo daquele do IBOPE, mostrando, igualmente, a ascensão da Governadora Roseana Sarney. Em relação à pesquisa anterior do mesma Datafolha, Lula permanece parado nos 31%, Roseana sobe de 16 para 19%, e os demais apresentam pequenas oscilações para cima (Garotinho) ou para baixo (Serra e Itamar). 
As duas últimas pesquisas (Sensus e Datafolha) trazem também uma revelação surpreendente: indo Roseana e Lula para o segundo turno, a Governadora derrotaria o presidente de honra do PT, com 42% contra 38 (Sensus), ou 46 contra 44 (Datafolha). 
	Ainda faltam dez meses para a eleição e, na política, isto é uma eternidade. Mas é entusiasmaste constatar que esta é a verdade de hoje: os brasileiros estão dispostos a quebrar um tabu da idade da República e eleger, pela primeira vez na história, uma mulher para Presidenta da República. Eu fico muito orgulhoso de pertencer ao  PFL, que lançou esta brava mulher como sua candidata à Presidência da República."
2001-12-27T13:38;ANIVERSÁRIO DE FUNDAÇÃO, MUNICÍPIOS, SC.;PEQUENO EXPEDIENTE;"O SR. PAULO GOUVÊA (Bloco/PFL-SC. Pronuncia o seguinte discurso.) – Sr. Presidente, Sras. e Srs. Deputados, o mês de dezembro é particularmente pródigo em aniversários de fundação de Municípios catarinenses.
O dia 27 está reservado para o Município de Atalanta, situado no Alto Vale do Itajaí. No dia 29 comemora-se a data de fundação de Benedito Novo, Rio do Campo, Salete e Fraiburgo. No dia 30 é a vez de Tangará e Itapiranga. No último dia do ano celebram sua emancipação política os Municípios de Lontras e Seara. 
Cada um deles tem sua particularidade. Atalanta tem na cebola o seu destaque na economia, mas o setor industrial vai conseguindo aos poucos marcar presença, através de empresas dos ramos madeireiro, de conservas e têxtil.
Em Benedito destacam-se a fabricação de papel, a indústria têxtil e a extração de granito – responsável por 40% da movimentação econômica local.
A agropecuária é a base econômica de Rio do Campo, mas as fábricas de papelão e de móveis ocupam posição de destaque, sendo que a localidade de Rio Azul é muito promissora por suas jazidas de calcáreo.
A indústria já é o carro-chefe de Salete, exportando portas e painéis, produzindo têxteis e fabricando caldeiras e estufas para secagem de madeira. O turismo religioso tem sua atração com o santuário de Nossa Senhora de Salete.
Fraiburgo oferece um atrativo particular: os pomares de maçãs. O Município tem a maior produção brasileira de maçãs, sendo responsável por 40% da produção nacional e por 75% da produção catarinense.
Os 422 quilômetros quadrados de Tangará são ocupados na sua grande maioria por minifúndios, fazendo do Município um dos vinte maiores em produção agrícola. O setor primário é responsável por 60% do movimento econômico.
Itapiranga está situado no extremo-oeste catarinense, na fronteira com o Rio Grande do Sul e próximo à Argentina. A força da tradição alemã e o grau de desenvolvimento da cultura surpreendem a todos: são mais de dez corais, dezessete grupos de danças folclóricas, grupos de teatro e patinação.
Lontras é uma cidade que vive a transição da economia rural para a economia industrial: ela gera 45% do valor agregado do Município, com destaque para as indústrias plásticas, do vestuário, metal-mecânico e cerâmico.
O Município de Seara destaca-se pela sua produção agroindustrial, responsável por 80% do seu movimento econômico. Outro orgulho de Seara é o Museu Entomológico Fritz Plaumann — o maior do gênero na América Latina. Deve seu nome ao cientista Fritz Plaumann, que passou a vida inteira catalogando insetos que colhia na região.
Ao destacar uma particularidade de cada Município, desejo homenagear os homens e mulheres que dedicaram e dedicam sua vida à construção de suas comunidades. São eles os verdadeiros responsáveis pelo desenvolvimento e pela pujança de suas cidades. Eles merecem o respeito e admiração de todos os catarinenses. É por essa razão que saúdo a todos os habitantes desses Municípios, que celebram neste final de ano a data de sua emancipação político-administrativa.
Parabéns a todos!"
2002-02-20T16:36;CÓDIGO DE TRÂNSITO BRASILEIRO, EDUCAÇÃO, TRÂNSITO, ACIDENTE DE TRÂNSITO, REDUÇÃO.;BREVES COMUNICAÇÕES;"O SR. PAULO GOUVÊA (Bloco/PFL-SC. Sem revisão do orador.) - Sr. Presidente, Sras. e Srs. Deputados, no dia 22 de janeiro deste ano completaram-se os quatro anos de vigência o Código de Trânsito Brasileiro, instituído pela Lei nº 9.503, de 1997. Como estávamos em recesso, evidentemente não pudemos falar deste evento na ocasião adequada, mas o faço neste momento.
 	Tive a honra de presidir a Comissão Especial que analisou, na Câmara dos Deputados, o projeto do Código de Trânsito Brasileiro, tendo sido Relator o Deputado Ary Kara, de São Paulo. Sinto-me orgulhoso em ter contribuído para que os brasileiros pudessem dispor de um conjunto de normas que se constituem num verdadeiro ""código da vida"".
	Quem de nós não tem um amigo ou parente que teve sua vida estupidamente perdida no trânsito? Nos dez anos que antecederam a vigência do novo Código de Trânsito, morreram no Brasil, em acidentes, 250 mil pessoas — o equivalente a toda a população da minha cidade, Blumenau, por exemplo. Alguma coisa precisava ser feita. O Código nasceu com esta preocupação: preservar a vida das pessoas.
	E para tanto centrou suas atenções nos principais inimigos da vida, identificados pelas estatísticas do trânsito: excesso de velocidade, motoristas alcoolizados, desrespeito ao pedestre, descaso com os equipamentos de proteção e, a síntese disso tudo, despreparo dos motoristas brasileiros. No que se refere aos efeitos do problema, o Código é rigoroso, com punições severas e multas elevadas. Com relação à prevenção, ainda há muito por fazer.
Não é apenas, e nem principalmente, com penalidades que se vai consertar o quadro trágico do trânsito brasileiro. O mais importante é a educação e a prevenção. É isso que o Código, no seu texto, tem de melhor. É indispensável que cada pessoa, motorista ou pedestre, acredite que a obediência às normas de tráfego é algo bom para todos, porque é condição para a harmonia e a convivência civilizada. Mas esta consciência ainda está por ser criada.
Contudo, em boa parte devido a esse novo Código, a situação do trânsito apresentou, nesses quatro anos, sensíveis melhoras. Cito, como exemplo, os resultados obtidos nas estradas federais do Estado de Santa Catarina. Considerando a data de vigência do Código, 22 de janeiro de 1998, e comparando-se as médias anuais do ano anterior com a dos quatro anos posteriores, o quadro se apresenta da seguinte forma: o número de acidentes e de feridos diminuiu 15%, e o número de mortes reduziu-se em 30%. Projetando esse resultado para o País, se tínhamos registro de 250 mil mortes em acidentes de trânsito em uma década, calculem quantos milhares de vidas foram preservados a partir da instituição de leis de trânsito mais rigorosas. 
Sr. Presidente, os dados são altamente significativos e por si só merecem ser comemorados como importante vitória no quarto aniversário do Código.
Muito ainda deve ser feito, especialmente no que diz respeito à prevenção de acidentes, à educação para o trânsito, à qualificação e conscientização dos motoristas brasileiros, mas seguramente o Código está cumprindo sua principal função: a de estabelecer uma convivência mais civilizada entre os usuários de nossas vias públicas.
Tenho certeza de que com o trabalho que será realizado este ano na Câmara dos Deputados, especialmente na Comissão de Viação e Transportes, onde há grande número de projetos de alteração do Código, chegaremos ao aprimoramento necessário.
	Obrigado."
2002-02-28T10:16;"POSSE, DIRIGENTE, SINDICATO, MUNICÍPIO, BLUMENAU, SC.
COMEMORAÇÃO, COLHEITA, ARROZ, AGRICULTURA IRRIGADA, MUNICÍPIO, AGRONÔMICA, SC, VALE DO ITAJAÍ.";BREVES COMUNICAÇÕES;"O SR. PAULO GOUVÊA (PFL-SC. Sem revisão do orador.) - Sr. Presidente, Sras. e Srs. Deputados, neste mês de fevereiro, na cidade de Blumenau, tomaram posse os novos dirigentes dos sindicatos de duas importantes categorias profissionais. 
No dia 8 assumiu a nova diretoria do SINTRAFITE — Sindicato dos Trabalhadores nas Indústrias de Fiação e Tecelagem de Blumenau, Indaial e Gaspar, que congrega cerca de 70% dos 22.500 trabalhadores da indústria têxtil do Vale do Itajaí. Na eleição, realizada ainda no ano passado, haviam concorrido duas chapas: Luta Operária, de situação, comandada por Osmar Zimmermann, e a de oposição, União e Luta Têxtil, encabeçada por Jaimir Ferrari, que foi a vencedora por larga margem de votos. Tive a honra de comparecer ao evento da posse, representando o Governador do meu Estado, Esperidião Amin.
A recomposição do piso da categoria e o aumento real de salários dos trabalhadores nas indústrias de fiação e tecelagem são as principais bandeiras da nova direção do sindicato.
No dia 20 de fevereiro ocorreu a posse da nova direção do SINTRASEB — Sindicato dos Trabalhadores no Serviço Público Municipal de Blumenau. Duas chapas disputaram o privilégio de representar os valorosos servidores públicos municipais: a de situação, denominada Acredite, presidida por Agenor Quintino dos Santos, e a de oposição, Resgate, vencedora, liderada por Luiz Sérgio de Souza e Silva.
O SINTRASEB, além da posse formal, que teve lugar no próprio Sindicato, promoveu uma missa campal na frente da Prefeitura Municipal, à qual compareceram centenas de servidores públicos. O ato foi extremamente significativo, porque foi exatamente ali, embaixo da figueira histórica, que o atual Prefeito da cidade assumiu, quando candidato, uma série de compromissos com a categoria que depois simplesmente descumpriu, ignorou. A administração do PT tornou-se carrasca dos funcionários públicos de Blumenau, ignorando todas as bandeiras que o partido defendera quando estava na Oposição. 
Os principais objetivos da nova diretoria são agora a reposição salarial, em função da enorme defasagem imposta pelo PT, a implantação da avaliação por desempenho e sobretudo o resgate da dignidade do funcionário público, aviltada pela atual administração municipal de Blumenau.
Nunca será demais enaltecer o trabalho a ser desenvolvido pelos sindicatos numa sociedade democrática. Eles desempenham papel fundamental na defesa dos legítimos interesses de seus representados, constituindo-se em instrumentos essenciais no adequado ordenamento das relações de trabalho. 
Por isso mesmo, quero parabenizar e saudar os integrantes das novas direções dos dois sindicatos, desejando-lhes que cumpram com dedicação a nobre tarefa que lhes incumbe e para a qual foram democrática e expressivamente escolhidos por seus companheiros de trabalho.
Sr. Presidente, quero ainda, aproveitando o minuto que me resta, fazer referência a outro assunto de grande relevância no meu Estado. 
Santa Catarina tem muito orgulho de contar com o Município detentor do título de Campeão Mundial de Produtividade de Arroz Irrigado por área cultivada. É Agronômica, Município com 116,5 quilômetros quadrados, localizado no Alto Vale do Itajaí e colonizado por descendentes de alemães e italianos.
O Município conquistou esse título com inteira justiça: a média de produtividade de arroz irrigado por kg/ha é de 6.900 em Santa Catarina, 2.500 no Brasil, 6.800 na China e 3.800 no mundo. Agronômica tem uma produtividade média de 11.000 kg/ha, chegando a 13.759 kg/ha — portanto, a produtividade do Município é maior do que em qualquer lugar do mundo e o dobro da média mundial.
Essa conquista é permanentemente comemorada no Município e, de modo muito especial, será celebrada na 1ª Festa do Arroz — Ferroz e na 2ª Abertura da Colheita do Arroz Irrigado do Alto Vale do Itajaí, eventos que se realizarão nos próximos dias 1º, 2 e 3 de março.
Serão três dias de festa que inclui palestras, exposição, visita às lavouras de arroz, competições de futebol, trilha ecológica do arroz, torneio de laço, música, bailes e almoços típicos.
Desejo cumprimentar a boa e laboriosa gente de Agronômica pelo merecido título de ""cidade campeã mundial de produtividade de arroz irrigado"". Esse acontecimento merece ser devidamente comemorado e a festa programada é uma excelente oportunidade para celebrar esta conquista.
Parabéns ao Prefeito José Ângelo Merini, ao vice-Prefeito Paulo Roberto Tschumi e aos ilustres Vereadores. Parabéns a todos os agronomenses.


	Muito obrigado, Sr. Presidente."
2002-03-05T15:30;ANIVERSÁRIO DE FUNDAÇÃO, JORNAL, A NOTÍCIA, SC, HOMENAGEM.;PELA ORDEM;"O SR. PAULO GOUVÊA (PFL-SC. Pela ordem. Pronuncia o seguinte discurso.) - Sr. Presidente, Sras. e Srs. Deputados, a Câmara dos Deputados realizou na manhã de hoje sessão solene em homenagem aos 79 anos de fundação do jornal A Notícia, com sede em Joinville. A homenagem é justa e merecida, por distinguir um dos mais conceituados, competentes e sérios órgãos de imprensa do Estado de Santa Catarina.
Fundado em 24 de fevereiro de 1923 por Aurino Soares, o jornal passou por profundas transformações: na década de 50, foi assumido por uma comissão de vinte empresários catarinenses; passou por fase de investimentos nos anos 70 e modernizou-se, na década de 80, sob a gestão de Moacir Thomazi. Impressão em off-set, computadores, páginas coloridas e Internet fazem parte do dia-a-dia do jornal.
Com 627 funcionários e 115 jornalistas, A Notícia tem atualmente a tiragem média de 33.386 leitores/dia nos dias de semana, chegando a cerca de 37 mil aos domingos. Esse jornal atinge 80% dos Municípios catarinenses, estando presente, com 14 sucursais, nas principais cidades do Estado; além disso, tem representantes no Rio Grande do Sul, Paraná e Rio de Janeiro.
Com tudo isso, A Notícia transformou-se num dos principais jornais do Sul do País, disputando o título de maior veículo da mídia impressa de Santa Catarina. Venceu por dois anos consecutivos (1988 e 1989) o Prêmio Esso de Jornalismo/Região Sul; conquistou, entre outros, o Prêmio Fernando Pini de Excelência Gráfica (em 1999), considerado o Oscar da indústria gráfica, e o Prêmio Henry Ford de Conservação Ambiental (2000), na categoria Iniciativa do Ano em Conservação.
A luta pela preservação e conservação do meio ambiente tem-se constituído bandeira de A Notícia. Desde que iniciou o processo de implantação do Sistema de Gestão Ambiental, no começo de 1999, o jornal não parou mais de investir em iniciativas ecologicamente corretas. Um dos exemplos foi o lançamento, em meados de 1999, de suplementos sobre meio ambiente impressos em papel reciclado pós-consumo e tinta atóxica. Outra iniciativa é a home page AN Verde, atualizada diariamente.
	Periódicos e jornais nascem e desaparecem com pouco tempo de vida. Alguns resistem e conseguem sobreviver por alguns anos. Muito poucos chegam à idade madura com vitalidade, força e competência. A Notícia, porém, chega aos 79 anos com o vigor dos jovens e a experiência dos mais vividos.  
Por tudo isso, o 79º aniversário de fundação do jornal A Notícia é um acontecimento que merece ser celebrado como fato de extrema relevância na vida cultural de Santa Catarina e da Região Sul do Brasil. 
Deixo, portanto, registrados, os meus parabéns ao Sr. Moacir Thomazi, à sua esposa, D. Sylvia, e a seus filhos, pelo magnífico trabalho que desenvolvem à frente de A Notícia, e meus cumprimentos aos demais diretores, jornalistas e funcionários da empresa. 
	Era o que tinha a dizer, Sr. Presidente."
2002-03-14T13:04;HOMENAGEM, ANIVERSÁRIO, EMANCIPAÇÃO POLÍTICA, MUNICÍPIO, SC.;PELA ORDEM;"O SR. PAULO GOUVÊA (PFL-SC.  Pela ordem. Pronuncia o seguinte discurso.) – Sr. Presidente, Sras. e Srs. Deputados, um pedaço da Itália no Vale do Itajaí. Assim é Rodeio, a mais italiana das cidades catarinenses, que no dia de hoje comemora 65 anos de emancipação político-administrativa.
A vida dos rodeenses está centrada nas origens de sua fundação, realizada em 1875 por 114 famílias vindas do norte da Itália, do Tirol, então sob o domínio do império austro-húngaro. Vinham de Trento, que sofria as graves conseqüências das guerras de independência da Itália. Essas famílias buscavam mundo novo e o encontraram ao longo da Picada de Rodeio, onde o Dr. Otto Hermann Blumenau, administrador da colônia, reservara-lhes lotes em lugar inóspito e coberto de matas. Para administrar a colonização, tiveram à frente o frei franciscano Lucínio Korte, considerado co-fundador de Rodeio.
	A natureza pródiga e exuberante respondeu com bons resultados agrícolas ao esforço daquela gente de luta. Havia um sonho a realizar, e ele foi sendo concretizado com suor, trabalho, religiosidade e muita alegria. 
Essas características permanecem vivas na boa gente de Rodeio. O coração trentino pulsa nos usos e costumes preservados, na culinária, no folclore, no dialeto trentino, quase uma segunda língua dos rodeenses.
A economia do Município baseia-se na produção de arroz, banana, fumo e alimentos de subsistência. A partir de 1980, a indústria começou a tomar vulto, com destaque para o setor têxtil e para as fábricas de esquadrias, de beneficiamento de madeira e agroindústria.
Rodeio busca o desenvolvimento harmonioso, de sorte a preservar sua identidade: o analfabetismo não existe, todas as crianças têm sua família, os velhos são assistidos, a mão-de-obra é eficiente, o povo é bom, forte, alegre e hospitaleiro.
O potencial turístico do Município é alentador, tem belas paisagens naturais: a Cascata da Valenova, a Igreja de São Virgílio (em Rodeio 50) e a Igreja Matriz de São Francisco de Assis (com seu afresco de 100 metros quadrados), o ermitério dos frades franciscanos, o herbário da Irmã Eva, o pico do Montanhão, com 946 metros de altura. 
Centrado na origem trentina, Rodeio criou eventos cuja fama ultrapassa o Estado de Santa Catarina: o Baile do Vinho, em julho; o Teatro da Paixão, na Semana Santa; a procissão de Corpus Christi, em junho; e a festa La Sagra, originada nos antigos costumes italianos, que festejam o santo padroeiro reunindo amigos e familiares em grande comemoração: o encontro das novas gerações que voltam a cantar antigas canções, redescobrindo os antepassados. 
Lá estão os grupos folclóricos, o puro macarrão caseiro, as carnes com o saboroso tempero feito pelas vovós, o café colonial, a dança e o bom vinho que aquece ainda mais a vida dos que participam da comemoração.
Na data em que se celebra a emancipação político-administrativa de Rodeio, saúdo desta tribuna a boa, alegre e laboriosa gente rodeense. Sua forma de agir é inspiração para quantos querem fazer de sua terra um lugar melhor para viver.
Parabéns à querida cidade de Rodeio e a todos os rodeenses.
Era o que tinha a dizer."
2002-03-19T19:22;ALTERAÇÃO, CONSTITUIÇÃO FEDERAL, ESTADOS, ELEIÇÃO, DEPUTADO ESTADUAL, SISTEMA MAJORITÁRIO, VOTO DISTRITAL.;PELA ORDEM;"O SR. PAULO GOUVÊA (PFL-SC. Pela ordem. Sem revisão do orador.) – Sr. Presidente, apresentei à Mesa da Câmara dos Deputados proposta de emenda à Constituição visando a instituição do voto distrital para os Deputados Estaduais. Ao mesmo tempo em que faço esta comunicação, peço o apoio de V.Exa. em dois sentidos. 
Em primeiro lugar, para determinar à Mesa que atente para a peculiaridade da proposta, pois não se trata de mais uma proposta de voto distrital no Brasil, até porque existem várias. Eu mesmo já fiz proposta nesse sentido e tenho consciência da dificuldade de aprovação quando se pensa em alterar o sistema eleitoral de votação dos Deputados Federais.
	Por isso, essa proposta tem a particularidade de ser dirigida apenas aos Deputados Estaduais. Então não deve ser apensada a tantas PECs que já existem no mesmo sentido.
	Em segundo lugar, para pedir a V.Exa. que de alguma forma ajude na tramitação dessa PEC, dada a angústia que hoje muitas regiões dos Estados vivem pelo fato de muitas vezes não conseguirem eleger um Deputado Estadual da própria região para a Assembléia Legislativa. O Deputado Estadual tem atuação localizada, que converge para uma região, portanto, todas as regiões de um Estado devem ter seu representante. E a única solução para isso, efetivamente, é a instituição do voto distrital.
	Muito obrigado."
2002-03-20T13:12;EMANCIPAÇÃO POLÍTICA, MUNICÍPIO, INDAIAL, SC.;PEQUENO EXPEDIENTE;"O SR. PAULO GOUVÊA (PFL-SC. Pronuncia o seguinte discurso.) – Sr. Presidente, Sras. e Srs. Deputados, no dia de amanhã, 21 de março, completam-se 68 anos de fundação do Município de Indaial, situado no Médio Vale do Itajaí. O nome do Município é referência a uma palmeira abundante na região, palmeira que os índios denominavam indaiá.
O primeiro núcleo de povoamento, denominado Carijós, teve início em 1860, sendo formado por famílias oriundas do litoral catarinense que se instalaram na margem esquerda do Rio Itajaí-Açu. O núcleo não prosperou e suas terras foram compradas pelos colonos alemães que haviam iniciado outro núcleo na margem direita, em 1863, como parte da Colônia Blumenau. A exploração da área esteve a cargo dos engenheiros Augusto Wunderwald e Emílio Odebrecht — este último encarregado pelo Dr. Blumenau da medição e distribuição dos lotes coloniais, bem como do levantamento geral do Vale do Itajaí.
Até hoje, a cultura e os hábitos dos indaialenses são claramente marcados pela colonização alemã e também, subsidiariamente, pela contribuição dos imigrantes italianos (a partir de 1875) e poloneses (a partir de 1878).
Em 1876, Indaial foi elevada à categoria de distrito de Blumenau. Sete anos depois, em 1883, foi elevada à categoria de vila e emancipada de Blumenau. Era uma conseqüência da participação de Blumenau na Revolução Federalista. No ano seguinte, o então Governador Hercílio Luz (eleito após a derrota dos maragatos) anulou a emancipação, enviando à Câmara de Vereadores recém-eleita um comunicado com o seguinte teor: ""Indaial pertence ao Município de Blumenau em vista do ato que considera nulo tudo quanto foi feito pelos revoltosos"". Acabara a breve emancipação.
A elevação à categoria de vila só ocorreria novamente em 21 de março de 1934, pelo interventor federal Coronel Aristiliano Ramos, tendo sido nomeado primeiro Prefeito o Sr. Erich Klein.
O setor primário de Indaial responde por 10% do movimento econômico. O percentual pode ser baixo, mas a agricultura e a pecuária do Município fornecem matéria-prima para diversas indústrias da região, entre as quais as de conserva, beneficiamento de arroz e laticínios. A criação de peixes vem ocupando posição de importância na economia local, especialmente a criação consorciada com o cultivo de arroz que tem trazido excelentes resultados para ambas as culturas.
O desenvolvimento industrial teve forte expansão a partir de 1960 e hoje é a maior força da economia indaialense, destacando-se os setores têxtil, metalúrgico, alimentício, do vestuário e mobiliário. A importância desse setor pode ser medida  pela realização da Expofeira, que Indaial promove anualmente. Hoje, será aberta a sexta edição desta feira que se estenderá até o próximo dia 24. Mais de 100 expositores da indústria  e do comércio participarão desse evento. 
O setor terciário se desenvolveu muito na década de 70 e teve crescimento acelerado na década de 90. Dentro desse setor, o turismo rural ou ecológico pode vir a tornar-se fonte expressiva de renda para o Município, em face das reservas florestais e dos mananciais hídricos nele existentes.
Quem visita Indaial, sobretudo no período de novembro a março, fica vivamente impressionado com a quantidade e diversidade de flores nos jardins das casas e nas ruas da cidade, fato que tornou Indaial conhecida como ""cidade das flores"". Este fato revela muito da alma dos indaialenses, gente que alia o trabalho persistente ao gosto pelas coisas bem feitas e que ama a natureza.
Parabéns Indaial e indaialenses."
2002-04-04T09:04;FESTA NACIONAL, EXPOSIÇÃO AGROPECUÁRIA, PRODUÇÃO, CEBOLA, FESTIVAL, NATUREZA CULTURAL, MUNICÍPIO, ITUPORANGA, VALE DO ITAJAÍ, SC.;BREVES COMUNICAÇÕES;"O SR. PAULO GOUVÊA (PFL-SC. Pronuncia o seguinte discurso.) – Sr. Presidente, Sras. e Srs. Deputados, terá início amanhã, sexta feira, dia 5, no Município de Ituporanga, Santa Catarina, a 12ª  EXPONACE — Festa Nacional da Cebola. O evento é promovido pelo Poder Público Municipal e pelo Clube do Cavalo de Ituporanga, estendendo-se até o dia 14.
  	Localizada no Alto Vale do Itajaí, com 376 quilômetros quadrados de área territorial, numa altitude que chega a 850 metros acima do nível do mar, Ituporanga tem uma população de 18.500 habitantes. Com arquitetura tipicamente alemã, a cidade destaca-se pelo seu artesanato de madeira, palha e tecido.
Mas é a cebola o principal produto local, a ponto de Ituporanga ser considerada a Capital Nacional da Cebola. A festa é uma das principais feiras agropecuárias do Brasil e a maior relacionada à produção de cebola, recebendo visitantes do País e do exterior.
Neste ano, o evento promoverá a integração dos trinta Municípios da Associação de Municípios do Alto Vale do Itajaí. Como novidades da festa, deve-se destacar a realização do Congresso Estadual de Vereadores, o seminário Semana da Agricultura Familiar — que visa buscar a autonomia com a diversificação e agregação de valores em benefício dos agricultores. Também será realizado o 1º Festival Cultural do Alto Vale do Itajaí — FECAVI, instituído pelas  Coordenadorias Regionais e Municipais de Educação e pelo Pavilhão da Feira Industrial Comercial e Agrícola dos Municípios participantes.
A EXPONACE é realizada no parque de exposição, que conta  com infra-estrutura para camping, áreas de esporte, lago, centro de convenções, pista de motocross e cancha de tiro e laço.
Ao fazer essas referências à realização da 12ª EXPONACE, quero enviar uma saudação especial ao Prefeito, Carlos Hoegen, e ao Vice-Prefeito, Gervásio Maciel, que dirigem com competência o Município. Quero também cumprimentar os representantes da gente ituporanguense na pessoa do Presidente da Câmara Municipal, o brilhante Vereador Valdevino Eifler. E, finalmente, desejo saudar o laborioso povo de Ituporanga, que pode orgulhar-se do seu Município, campeão nacional da produção de cebola, e de viver numa cidade próspera, bonita, exemplo para o Estado de Santa Catarina e para o Brasil."
2002-04-10T16:02;MEDIDA PROVISÓRIA, EXPANSÃO, OFERTA, ENERGIA, DIVERSIFICAÇÃO, MATRIZ ENERGÉTICA,  RATEIO, CUSTO OPERACIONAL, CONSUMIDOR, PREJUÍZO, CONCESSIONÁRIA, PROINFA, CRIAÇÃO,  PROJETO DE LEI DE CONVERSÃO, APOIAMENTO.;PELA ORDEM;"O SR. PAULO GOUVÊA (PFL-SC. Pela ordem. Sem revisão do orador.) - Sr. Presidente, peço licença para me dirigir especificamente aos catarinenses que acompanham esta votação. 
Muitos aspectos assustadores foram relatados sobre o acréscimo da tarifa. Não vou entrar no mérito da questão, porque o Líder Inocêncio Oliveira já apresentou as justificativas do partido a respeito da questão. Mas explico, especificamente para a boa gente de Santa Catarina, que o Estado nada tem a ver com o debate travado. A medida provisória exclui o Estado do pagamento do adicional de tarifa de energia elétrica. 
	O § 3º do art. 4º do projeto de lei de conversão em exame diz expressamente que o adicional de tarifa é aplicável tão-somente às áreas submetidas ao plano de racionamento. E o Estado de Santa Catarina não participou do plano de racionamento; portanto, não está, não esteve e não estará incluído no plano de racionamento. Além disso, o projeto de conversão traz benefícios significativos ao Estado, a exemplo do incentivo que prevê a utilização do carvão mineral como alternativa energética para o País.
	Sr. Presidente, caros amigos e amigas do meu Estado, meu voto, claro, é em obediência à diretriz partidária, mas, acima de tudo, em favor do Estado de Santa Catarina."
2002-04-17T09:32;OBRA PÚBLICA, RODOVIA, TRECHO, MUNICÍPIOS, BLUMENAU, INDAIAL, ES, RECURSOS ORÇAMENTÁRIOS, EMENDA COLETIVA, BANCADA, SC.;BREVES COMUNICAÇÕES;"O SR. PAULO GOUVÊA (PFL-SC. Pronuncia o seguinte discurso.) - Sr. Presidente, Sras. e Srs. Deputados, em audiência que me foi concedida ontem, o Ministro dos Transportes, nosso colega Deputado João Henrique, do PMDB do Piauí, afirmou que as obras de duplicação da BR-470, no trecho de 26 quilômetros entre os Municípios de Blumenau e Indaial, poderão ser iniciadas ainda em 2002. 
A notícia era esperada com ansiedade pela população de Santa Catarina e, particularmente, da região do Vale do Itajaí. A BR-470 é o grande corredor de exportações do nosso Estado. Por essa rodovia transitam os produtos do oeste catarinense e do Alto e do Médio Vale rumo ao Porto de Itajaí, ao Porto de São Francisco, à BR-101. Além disso, no trecho em que se prevê a duplicação imediata, a estrada transformou-se numa verdadeira avenida, numa via urbana, que é o coração da Região Metropolitana. Devido à crescente urbanização, os diversos Municípios do Médio Vale integraram-se uns aos outros, tendo como via principal a rodovia que leva o nome do empresário Ingo Hering. Nesta rodovia circulam mais de 30 mil veículos por dia. A partir de 15 mil veículos já é recomendado tecnicamente o aumento de capacidade. A nossa BR está, portanto, completamente estrangulada. Felizmente, agora o Ministro João Henrique dá boas notícias para o Estado de Santa Catarina. 
Compareceram à audiência, juntamente com este Parlamentar, os Deputados João Pizzolatti, do PPB, Renato Vianna, do PMDB, e Vicente Caropreso, do PSDB; o Coordenador da Região Metropolitana, Norberto Mette, o Presidente da AMMVI, Prefeito Marildo Felippi, e o representante do Governo do Estado, Marcos Brusa, Secretário-Adjunto dos Transportes. No decorrer da audiência, o Governador Esperidião Amin telefonou para o Ministro manifestando sua solidariedade e endossando a reivindicação catarinense em favor da BR-470. 
Na ocasião, o Secretário Marcos Brusa confirmou que o Governo do Estado fará a entrega do projeto da duplicação de 26,200 metros da rodovia no final deste mês de abril. O projeto foi executado por iniciativa e às expensas do Governo Estadual, a um custo superior a R$ 1 milhão. 
O Ministro afirmou que, diante disso, poderá lançar a concorrência pública ainda em junho e contratar a obra e dar a ordem de serviço no mês de novembro. Isso permitirá empenhar os recursos da emenda parlamentar catarinense para esta finalidade, assegurando a aplicação de mais de R$ 30 milhões na obra. 
A emenda feita pela bancada de Santa Catarina é de R$ 35.2 milhões. Em princípio, deveriam ser aplicados 60% deste valor na BR-470 e 40% na BR-280. O Ministro, no entanto, não acredita que as obras da 280 poderão ser contratadas ainda em 2002, porque o projeto de engenharia sequer foi iniciado. Pretende, por isso, aplicar cerca de R$ 2 milhões no projeto da 280, além de R$ 1.6 milhão que já consta do orçamento para este fim, e o restante será investido nas obras da 470. 
No início da audiência, tive oportunidade de dizer ao Ministro, que durante vários anos foi meu colega na Comissão de Transportes da Câmara, que uma grande obra para ser realizada depende de três fatores: recursos no Orçamento, projeto e decisão política. ""Dois destes fatores já temos, Ministro, falta só a decisão política"". O Ministro João Henrique assegurou, então, que este terceiro ponto também está garantido. ""A BR-470 vai ser duplicada e as obras podem iniciar ainda este ano"", afirmou ele, com firmeza. 
O novo Ministro dos Transportes demonstrou tranqüilidade, objetividade e segurança. Ouviu, ponderou e decidiu. E deu demonstração de extremo respeito pelos seus colegas desta Casa: iniciou a audiência rigorosamente no horário — em quase oito anos aqui, nunca tinha visto isso. A audiência estava marcada para as 18h e começou pontualmente. O Deputado João Henrique está de parabéns. E está de parabéns também a nossa Casa, porque tem um representante seu no Ministério que não esquece suas origens parlamentares.  Realmente é fato digno de registro.
Foi acertada ainda, na ocasião, a realização de ampla reunião, entre os dias 13 e 17 de maio, na cidade de Indaial, com o Fórum Parlamentar Catarinense, quando o Governador do Estado apresentará publicamente o projeto da duplicação da BR-470. O Ministro enviará representante seu, e a reunião será organizada pela AMMVI, pelo Fórum de Desenvolvimento do Médio Vale e pela Região Metropolitana. 	
A duplicação da BR-470 será um merecido prêmio para o valoroso povo da nossa terra, que tanto trabalha, tanto produz, tanto contribui para o desenvolvimento do Brasil."
2002-04-17T14:18;"GÁS NATURAL, PRODUTO IMPORTADO, PREÇO, PERDA, COMPETITIVIDADE, INDÚSTRIA, SC.
REUNIÃO, GOVERNADOR, SC, BANCADA, SECA, AUXÍLIO, GOVERNO FEDERAL.";PEQUENO EXPEDIENTE;"O SR. PAULO GOUVÊA (PFL-SC. Sem revisão do orador.) - Sr. Presidente, Sras. e Srs. Deputados, na edição do último dia 15 de abril, o jornal Gazeta Mercantil publicou matéria intitulada ""Karsten troca gás natural por lenha"". Diz o texto: 
		""A Karsten S/A, de Blumenau, uma das maiores fabricantes brasileiras de produtos de cama, mesa e banho, decidiu voltar a queimar lenha em suas caldeiras industriais e pretende reduzir pela metade o uso de gás natural. O motivo é o alto preço do combustível na região. A decisão deixou a Companhia de Gás de Santa Catarina — SC Gás em alerta, ante a possibilidade de outras empresas optarem pela mudança"".
Os empresários catarinenses têm sido parceiros da PETROBRAS e da SC Gás no esforço por uma crescente utilização do gás natural importado da Bolívia. Por conta da alegada competitividade e de suas comprovadas vantagens técnicas e ambientais em relação ao GLP e ao óleo combustível, cerca de 35 indústrias em Santa Catarina passaram a utilizar o gás natural importado.
O contrato de fornecimento firmado entre a PETROBRAS e as empresas distribuidoras previa que o valor máximo do gás natural fornecido não excederia 85% do preço do óleo combustível 1-A. Todavia, tal dispositivo contratual deixou de ser respeitado; o gás natural passou, gradativamente, a tornar-se menos competitivo e agora está, por absurdo que pareça, mais caro que sua alternativa, o óleo combustível, que o gás natural veio substituir. Isso, só no Sul do País.
Em Santa Catarina, o gás natural importado é aproximadamente 55% mais caro que o gás nacional vendido nos Estados das Regiões Nordeste e Sudeste. Essa diferença prejudica as indústrias catarinenses que consomem atualmente 650 mil metros cúbicos por dia. Perdem, assim, competitividade em relação a suas concorrentes de outros Estados e de outros países. Para um Estado exportador como o nosso, isso é uma calamidade.
Além de prejudicar as empresas que já consomem este combustível, os preços praticados estão impedindo que muitas outras indústrias, às vezes situadas a menos de 50 metros da rede de distribuição, utilizem o combustível. É o caso de indústrias dos setores têxtil e cerâmico, que estão resistentes às mudanças dos seus atuais combustíveis: o óleo A-1, a própria lenha e o GLP. Ao mesmo tempo, muitas indústrias já abastecidas pelo gás estão revisando suas estratégias. Algumas delas estão retornando as suas antigas matrizes energéticas.
O exemplo da Karsten é significativo. Há três anos os custos para gerar energia térmica do gás natural e da lenha eram equivalentes. A empresa optou, então, pela nova alternativa que lhe era apresentada. Hoje, no entanto, o gás natural importado da Bolívia custa o dobro da lenha.
	A gravidade da situação fez com que a Federação das Indústrias do Estado de Santa Catarina lançasse um manifesto sobre o tema. Na reunião do Fórum Parlamentar Catarinense, realizada no dia 26 de setembro do ano passado, o Vice-Presidente da FIESC, Alcântaro Corrêa, expôs com clareza o problema do preço do gás natural importado. 
Manifestações como esta enfatizam uma realidade que precisa ser encarada com responsabilidade e objetividade pelo Governo Federal: a necessidade da equalização federativa dos preços do gás natural. Só assim a indústria catarinense deixará de perder competitividade — inclusive internacional — frente a outros países e aos Estados onde atualmente são praticados preços menores. 
O assunto precisa ser analisado seriamente e resolvido rapidamente pelo Ministério de Minas e Energia e pela Agência Nacional do Petróleo. 
Sr. Presidente, registro a presença nesta Casa do Governador do Estado de Santa Catarina, Esperidião Amin, que veio aqui para, junto à bancada de Santa Catarina, fazermos um grande esforço no sentido de amenizar o sofrimento do povo do oeste de Santa Catarina, que sofre há meses com a brutal estiagem, sem que o Governo Federal lhe propicie algum apoio efetivo. 
Daqui a instantes teremos uma reunião de nossa bancada — três Senadores e dezesseis Deputados — com o Governador, para examinarmos mais uma vez as alternativas de solução para o drama que vive a população do oeste do meu Estado.
Muito obrigado, Sr. Presidente.
O SR. PRESIDENTE (Themístocles Sampaio) – Deputado Paulo Gouvêa, como Santa Catarina, parte do meu Estado também está sofrendo. Cabe ao Governo Federal tomar as providências cabíveis, porque é o povo mais sofrido, é aquele que trabalha no campo, que labuta, que está passando fome."
2002-04-18T10:38;"PROGRAMA, TELEVISÃO, SEXO, PORNOGRAFIA, VIOLÊNCIA, CRÍTICA.
CAMPANHA, CONSCIENTIZAÇÃO, PERIGO, DROGA, EMISSORA, TELEVISÃO, APOIO.
DADOS, CONSUMO, DROGA, JUVENTUDE.";PELA ORDEM;"O SR. PAULO GOUVÊA (PFL-SC. Pela ordem. Pronuncia o seguinte discurso.) – Sr. Presidente, Sras e Srs. Deputados, tenho criticado, em várias oportunidades, a programação exibida pela televisão brasileira em geral e pela Rede Globo em particular. 
Minhas observações têm sido provocadas pelo baixo nível dos programas que as emissoras de TV andam colocando no ar. As apelações, muitas vezes sórdidas, do Programa do Ratinho e do Domingão do Faustão, os filmes e minisséries que exploram abusadamente o sexo e a pornografia, as cenas de incrível violência de desenhos animados dirigidos ao público infantil e, mais recentemente, a indigência mental dos chamados reality shows Casa dos Artistas e Big Brother Brasil, duas enormes bobagens, de nível abaixo de zero, que jogaram na cara do espectador brasileiro. Tudo isso provocou a minha indignação e o meu comentário irado. 
Não tiro uma vírgula do que já disse sobre a imbecilização da TV brasileira. O Big Brother, alguém poderá dizer, teve enorme sucesso de audiência: 59% no IBOPE. O povo, portanto, teria avalizado a exibição do programa. Na verdade, isso só me preocupa ainda mais. Quando as escolhas estão niveladas por baixo, não é de estranhar que o subsolo da qualidade acabe lotado. 
Mas hoje eu quero falar bem da televisão. Já em outras oportunidades, aliás, quando fui crítico, ressalvei que nem tudo o que se vê na tevê é ruim. Algumas novelas da Globo são bem feitas; o Programa Show do Milhão de Sílvio Santos é interessante e instrutivo; o Globo Repórter e alguns telejornais são bem feitos; e alguns filmes, muito bons.
Hoje, especialmente, elogio a TV Globo pelo extraordinário serviço que está prestando ao País com a sua campanha contra as drogas veiculada na novela O Clone. Em geral, não tenho tempo, neste horário, para assistir à televisão, mas pelas vezes que vi e pelos muitos comentários que ouvi estou convencido de que a abordagem da Globo ao difícil problema das drogas é primorosa. O drama de uma jovem garota de boa índole, bem comportada, que gradativamente vai se tornando prisioneira do vício, e os dramáticos relatos de viciados e ex-viciados, sem dúvida, estão dando vigoroso alerta aos nossos jovens e aos seus pais sobre essa tragédia dos nossos tempos, ou seja, a dependência da droga e do álcool.
Tenho acompanhado estudos e estatísticas sobre o envolvimento de jovens e crianças com as drogas e vejo que a realidade é cada vez mais assustadora. Foi-se o tempo em que os pais deveriam começar a se preocupar com o problema quando o filho ou a filha chegasse à adolescência. É cada vez mais precoce o primeiro contato com a droga e o álcool. O Centro de Reabilitação Nova Esperança — CERENE, da minha cidade, Blumenau, tem estatísticas interessantes: em 28% dos casos, a primeira experiência com drogas se dá já entre os 8 e os 10 anos de idade. E mais: em 35% dos casos, entre os 10 e os 14 anos de idade. Isso significa, por mais terrível que pareça, que a iniciação nas drogas, no Brasil, está se dando na infância. 
A Rede Globo, com a enorme força de comunicação que tem, veio agora abordar a questão. E o faz com dignidade e muito vigor. Não tenho dúvida de que essa é a maior e melhor contribuição já dada, no Brasil, à prevenção do consumo de drogas pela juventude. 
Por isso, com a mesma franqueza com que muitas vezes critiquei as emissoras de televisão brasileiras, venho hoje elogiar e parabenizar a Globo, que, com técnica e sensibilidade, está ajudando a combater um dos grandes males que afligem este País. O recorde histórico de audiência que a novela O Clone vem obtendo, este sim, parece-me totalmente merecido.
Era o que tinha a dizer."
2002-04-24T14:14;HOMENAGEM, EMANCIPAÇÃO POLÍTICA, MUNCÍPIOS, JOSE BOITEUX, VITOR MEIRELES, VALE DO ITAJAÍ, SC.;PEQUENO EXPEDIENTE;"O SR. PAULO GOUVÊA (PFL-SC. Pronuncia o seguinte discurso.) – Sr. Presidente, Sras. e Srs. Deputados, no próximo dia 26, os Municípios de José Boiteux e Vitor Meireles, ambos localizados no Alto Vale do Itajaí, comemoram 13 anos de emancipação político-administrativa.
	A principal atividade econômica de José Boiteux é a produção de fumo — à qual se dedica a maior parte da população economicamente ativa. O fumo é do tipo exportação e recebe boa cotação no mercado. No setor industrial, o Município possui diversas serrarias.
Em José Boiteux localiza-se a única reserva federal existente na região: a Reserva Indígena Duque de Caxias — com 14 mil hectares de área, dos quais 80% situados no Município —, habitada por índios xoklengs, kaingangues e guaranis. 
Dentro da reserva está localizada a Barragem Norte, com capacidade de contenção de 358 milhões de metros cúbicos, que pode amenizar em até três metros o nível das cheias em Blumenau. Seu custo total foi de 55 milhões de dólares e, devido à sua beleza e grandiosidade, é um dos pontos mais visitados do Município.
O Município de Vitor Meireles é formado por descendentes de alemães, italianos e de índios xoklengs da Reserva Indígena Duque de Caxias — sendo que parte dela está localizada no Município. 
Em 1930, o agricultor Ricardo Müller fixou residência na localidade de Rio Preso. Foi o início da comunidade mais tarde denominada Forcação e, finalmente, Vitor Meireles, em homenagem ao grande pintor catarinense, autor, entre outros, do óleo sobre tela A Primeira Missa do Brasil.
Cerca de 80% da economia municipal está centrada na agropecuária, com lavouras de fumo, milho, feijão, mandioca e hortigranjeiros. Estão também instaladas no Município algumas fábricas de confecções e de móveis e madeireiras.
Faço essas breves referências para registrar a data de emancipação dos Municípios de José Boiteux e Vitor Meireles. Ao assinalar a data de 26 de abril, saúdo calorosamente os membros das duas comunidades laboriosas e ordeiras, desejando que continuem a construir um lugar cada vez mais desenvolvido para si e para seus filhos.
Parabéns boitenses e meirelenses!"
2002-05-15T14:30;"CONSTRUÇÃO , RODOVIA , INGO HERING , TRANSPORTE RODOVIÁRIO , RECURSOS ORÇAMENTÁRIOS , BR-470 , OBRA PÚBLICA , SC.
HOMENAGEM , MUNICÍPIO , DONA EMMA , SC.";PEQUENO EXPEDIENTE;"O SR. PAULO GOUVÊA (PFL-SC. Pronuncia o seguinte discurso.) - Sr. Presidente, Sras. e Srs. Deputados, o Estado de Santa Catarina recebeu, no último dia 9, uma boa notícia referente à duplicação da BR-470. Em audiência pública realizada no Município de Indaial, o Governador Esperidião Amin apresentou o projeto final de engenharia dessa obra tão esperada pelos catarinenses e, particularmente, pelos moradores do Vale do Itajaí: a duplicação da Rodovia Ingo Hering, no trecho compreendido entre Blumenau e Indaial, numa extensão de 26.900 metros. 
Todos os presentes à reunião, representantes de todas as forças políticas, administrativas e comunitárias da região, ficaram maravilhados com o trabalho realizado pelo Governo do Estado. O projeto é digno do alto padrão de desenvolvimento econômico e social do Vale do Itajaí, está à altura da gente boa e trabalhadora do Estado de Santa Catarina. Além da duplicação propriamente dita da pista central, o projeto prevê vias marginais ao longo de toda a extensão do trecho, o que significa, além da duplicação da via de tráfego rápido, mais de 53 quilômetros destinados ao tráfego local. Toda essa via lateral terá, em ambos os sentidos, passeio para pedestres e ciclistas, demonstração de respeito àqueles que trafegam pela rodovia sem carro. Uma rodovia como aquela, localizada em área urbana, não pode servir apenas para automóveis; devem ser lembrados, como nesse projeto, os pedestres e os ciclistas.
Em cada uma das seis principais interseções ao longo do trecho será construído um grande viaduto. Eles se localizarão na confluência da BR com o Bairro Fortaleza; na futura via expressa de acesso à Ponte Vilson Kleinubing, Ponte do Tamarindo; no grande trevo do cruzamento com a Rodovia Guilherme Jensen, chamado trevo da Mafisa; na rótula do Bairro Salto do Norte; no entroncamento do Bairro Badenfurte, onde se dá o acesso a Pomerode, e no acesso a Indaial e Timbó, totalizando seis grandes viadutos. Além disso, teremos dezesseis passagens inferiores na extensão do trecho duplicado. Tanto nos viadutos como nas passagens haverá pista dupla e passeio para pedestres e ciclistas. E a via toda será iluminada nesses quase 27 quilômetros.
	Em audiência que me foi concedida há poucos dias, na companhia dos Deputados Renato Vianna e João Pizzolatti, o Ministro dos Transportes, nosso colega Deputado João Henrique, afirmou que as obras de duplicação da Rodovia BR-470 poderão ser iniciadas ainda neste ano. Na ocasião, para que a decisão do Ministro pudesse tornar-se eficaz, faltava apenas a conclusão do projeto. Pois agora o projeto executivo está pronto e entregue. Os recursos para início da grande obra estão no Orçamento, graças à emenda da bancada catarinense. Só falta ser lançado o edital público da licitação. O Estado de Santa Catarina está confiante em que, desta vez, sai a duplicação da BR-470, uma das obras mais esperadas pela nossa população. 
	A BR-470 é o grande corredor de exportações do nosso Estado. Por essa rodovia transitam os produtos do oeste catarinense e do Alto e Médio Vale, rumo ao Porto de Itajaí, ao Porto de São Francisco, à BR-101. Além disso, no trecho em que se prevê a duplicação imediata, a estrada transformou-se numa verdadeira avenida, numa via urbana que é o coração da região metropolitana. Devido à crescente urbanização, os diversos Municípios do Médio Vale integraram-se uns aos outros, tendo como via principal a rodovia que leva o nome do empresário Ingo Hering. Nessa rodovia circulam mais de 30 mil veículos por dia. A nossa BR está, portanto, completamente estrangulada. Felizmente agora o Ministro João Henrique dá boas notícias ao Estado de Santa Catarina.	S.Exa. afirmou que poderá lançar a concorrência pública ainda em junho e contratar a obra e dar a ordem de serviço no mês de novembro. Isso permitirá empenhar os recursos da emenda parlamentar catarinense para essa finalidade, assegurando a aplicação de mais de 30 milhões de reais na obra.
Por ocasião da audiência a que me referi, tive a oportunidade de dizer ao Ministro, que durante vários anos foi meu colega na Comissão de Transportes da Câmara, que uma grande obra, para ser realizada, depende de três fatores: recursos no Orçamento, projeto e decisão política. ""Dois desses fatores já temos, Ministro, falta só a decisão política"". O Ministro João Henrique assegurou então que esse terceiro ponto também está garantido. ""A BR 470 vai ser duplicada, e as obras podem iniciar ainda este ano"", afirmou S.Exa., com firmeza. 
	Sr. Presidente, Sras. e Srs. Deputados, a duplicação da BR-470 será um merecido prêmio para o valoroso povo da nossa terra, que tanto trabalha, tanto produz e tanto contribui para o desenvolvimento do Brasil. Por isso mesmo, merece a retribuição dos recursos que gera e da riqueza e da prosperidade que cria e envia a Brasília, para o benefício de todo o País. 
	Passo agora, Sr. Presidente, a tratar de outro assunto. Na próxima sexta-feira, dia 17, um dos mais bonitos Municípios de Santa Catarina comemorará festivamente seus 40 anos de emancipação político-administrativa. Refiro-me ao Município de Dona Emma, onde moram e vivem 3.500 habitantes, num território de 154 quilômetros quadrados do Vale Norte, região do Alto Vale do Itajaí.
Dentre todos os Municípios do Estado, apenas dois receberam nomes de mulheres ligadas à história catarinense. Um deles é Anita Garibaldi e o outro é Dona Emma, nome da esposa de José Deeke, diretor da Companhia Hanseática de Colonização, que ocupou as terras devolutas do Alto Vale, concedidas pelo Governo do Estado de Santa Catarina.
No início de tudo, em 1919, Dona Emma era apenas o nome de um afluente do Rio Krauel. Em 1934, o Governo do Estado instituiu um povoado com o nome de Gustavo Richard — ex-governador do Estado (1906-1910) —, nome alterado para Dona Emma em 1962, ano em que o Distrito  passou a Município, emancipando-se de Presidente Getúlio.
A atividade principal do Município é a agropecuária, à qual se dedica 80% da população local, basicamente constituída de descendentes de alemães, italianos, açorianos e poloneses. O cuidado com a educação tem sido uma  marca desse Município, um dos pioneiros na colocação do transporte escolar gratuito para as crianças da zona rural completarem seus estudos na cidade.
Para marcar a data da emancipação, Dona Emma programou diversas comemorações nos dias 17,18 e 19: gincana estudantil de integração, exposição do acervo fotográfico da colonização, encontro de corais e a 1ª Festa da Puxada, um torneio em que parelhas de cavalos disputam qual puxa o maior peso.
Neste 40º aniversário de Dona Emma, saúdo os representantes da população na Câmara de Vereadores e cumprimento toda a administração municipal, competentemente comandada pelo Prefeito Elimar Eltermann.
Faço especial homenagem a todos os donemenses, augurando que perseverem em sua luta para transformar essa terra no lugar mais importante que existe para si e para seus filhos. Para isso, basta que continuem a ser a boa e laboriosa gente que conheço e que admiro.
Era o que tinha a dizer."
2002-05-29T14:58;"SC, DESENVOLVIMENTO SÓCIO ECONÔMICO.
HOMENAGEM, ANIVERSÁRIO DE FUNDAÇÃO, MUNICÍPIO, SC.
FESTA AGROPECUÁRIA, MUNICÍPIO, SC.";COMO LÍDER;"O SR. PAULO GOUVÊA (PFL-SC. Como Líder. Sem revisão do orador.) – Sr. Presidente, em primeiro lugar, faço uma referência ao extraordinário desempenho do Estado de Santa Catarina, demonstrado, esta semana, por uma belíssima reportagem na revista Veja. Essa reportagem ocupa várias páginas dessa importante e conceituada revista. Vou citar apenas alguns pontos dela.
	Diz a revista, em primeiro lugar, que a indústria catarinense ""...cresceu mais do que o dobro da média nacional no ano passado e ganhou competitividade num ritmo maior que qualquer outro Estado.""
	Segundo — prestem atenção por ser este talvez o item mais importante de todos —, ""Santa Catarina tem a menor taxa de desigualdade social do País..."". Se medido pelo chamado índice de Gini, que mede a concentração e desconcentração de renda, Santa Catarina está na melhor posição do País, e na última década esse índice melhorou 6%.
	Além disso, destaca-se ainda que: ""Em quatro anos, o potencial de consumo dos catarinenses aumentou 43%, contra 26% da média de outros Estados; 
Na última década, ganhou posições nos rankings de qualidade de vida,  consumo de energia elétrica, proporção de estudantes universitários e transferência de riqueza para as famílias mais pobres;
	Também houve ganhos acima da média nacional na expectativa de vida — a segunda mais alta do Brasil —, na escolaridade, na redução da mortalidade infantil e até na manutenção do emprego;""
	Na revista, além de uma série de comentários a respeito desse desempenho, há uma frase que me permito destacar: ""A receita do desempenho espetacular do Estado é justamente o crescimento homogêneo, com distribuição democrática de seus resultados"".
	Parabenizo a administração do Estado, pois muitos desses itens tiveram considerável melhora nos últimos quatro anos, durante a administração do Governador Esperidião Amin e de seu Vice, nosso ex-colega de bancada nesta Casa, Paulo Bauer. Realmente, houve extraordinário desempenho, sem dúvida nenhuma, contribuindo decididamente para que esses índices se tornassem tão expressivos em Santa Catarina.
Tendo sido com muito orgulho um dos membros da equipe da atual administração — no primeiro ano e meio deste mandato dediquei-me às atividades de Secretário de Desenvolvimento Econômica e Integral do MERCOSUL, atuando na captação de investimentos —, também posso manifestar a honra de ter tido alguma participação nesse belo desempenho do nosso Estado.
	Sr. Presidente, aproveito a oportunidade para fazer referência a três eventos marcantes em três Municípios catarinenses.
	Em primeiro lugar, no próximo dia 1º de junho, Apiúna comemora seu 13º aniversário de instalação como Município. 
A história de Apiúna começou em 1878, quando famílias de imigrantes chegaram à colônia de Blumenau e receberam lotes naquela região do Médio Vale do Itajaí. A designação atual origina-se da língua tupi e significa cabeço negro — em referência ao Morro Dom Bosco (de 390 metros), de forma arredondada e escura. Antes de chamar-se Apiúna, o lugar recebeu o nome de Ribeirão do Bugre, Ribeirão Neise e Aquidabã — nome de um navio brasileiro que participou da Guerra do Paraguai e levou a bordo voluntários catarinenses, um dos quais apiunense.
Apiúna tornou-se Distrito de Indaial em 1934, chegou à emancipação em 4 de janeiro de 1988 e instalou-se como Município no dia 1º de junho de 1989.
Para celebrar esta data festiva, o Município organizou a Festa da Tangerina  (Tangefest), que este ano está sendo realizada pela sétima vez. Precedendo a festa, foi organizada a 1ª Mostra da Cultura Apiunense, que se iniciou no dia 24 e se estenderá até o dia 30. São quatro noites destinadas às culturas que formaram o Município: polonesa, portuguesa, italiana e alemã. Em cada uma delas, haverá concursos culinários (bebidas, sobremesas, salgados e doces), apresentações folclóricas e gastronomias típicas. O objetivo é a integração das diferentes culturas que convivem no Município, divulgando as tradições, a cultura e a produção artesanal.
Em seguida, haverá a programação da Tangefest, que se estenderá até o dia 2 de junho, tendo como pontos altos o concurso ""Rainha da Terceira Idade"", o desfile das tradições e o 7º Campeonato Brasileiro de Rafting. 
Presto minha homenagem à boa gente de Apiúna, cumprimentando seu Prefeito Roberto Schulz e seu Vice Ranieri Siquela, que com dedicação e competência administram o Município, com o apoio da Câmara Municipal. 
Sr. Presidente, em segundo lugar, entre os dias 29 de maio e 2 de junho, o Município de Presidente Getúlio realiza a 7ª Festa Estadual do Leite, cujo objetivo é manter a motivação dos produtores de leite, dando oportunidade para o intercâmbio de experiências e comercialização de animais. E com razão: o Município possui um plantel de gado bovino geneticamente qualificado para a produção de leite. Presidente Getúlio produz e comercializa diariamente em torno de 35 mil litros de leite, sendo a maior bacia leiteira do Alto Vale do Itajaí, destacando-se na produção as raças jersey e holandesa.
Um dos principais atrativos da festa é o Concurso Nacional de Tomadores de Leite em Metro: ganham prêmios os participantes que conseguem beber mais rapidamente e sem derramar o leite contido em uma tulipa contendo 600 ml de leite.
Durante a festa, será realizado o 20º Torneio Leiteiro Regional e a 12ª Expofeira Agropecuária, realizados em conjunto com o núcleo municipal da Associação Catarinense de Criadores de Bovinos. O Presidente da Comissão Central Organizadora, Sr. Ingo Braatz, espera a presença de mais de 20 mil pessoas, que prestigiarão os eventos a serem realizados no Parque de Exposições Theodor Richard Maier.
A Festa Estadual do Leite faz parte da comemoração do aniversário de fundação do Município, realizada em 1º de junho de 1904, com a imigração de doze famílias de colonos suíços que deram ao local o nome de Nova Zurique. A colônia desenvolvia-se prosperamente, quando um surto de malária e o ataque dos índios botocudos fizeram com que a maioria das famílias abandonasse o local. As pessoas que permaneceram atraíram outras famílias de colonos, garantindo assim a formação de nova colônia — que passou a chamar-se Nova Breslau, em homenagem a Wilhelm Goebel, colono germânico vindo de Breslau.
Em 1935, Nova Breslau passou a chamar-se Getúlio Vargas, nome alterado depois para Presidente Getúlio. Em 1953, foi criado o Município, cuja instalação ocorreu no ano seguinte.
Desejo saudar toda a boa gente getuliense, que sabe manter sua cultura e continua fiel às tradições de trabalho e dignidade de seus antepassados. A administração municipal, competentemente comandada pelo Prefeito Jaci Bortolon e pelo Vice Paulo Oliani, está trabalhando com perseverança e afinco para que Presidente Getúlio continue a ser o belo e acolhedor lugar que orgulha todo o vale norte do Itajaí.
A todos os getulienses, minha calorosa saudação.
Sr. Presidente, em terceiro lugar, teve início ontem, em Lages, a 14ª Festa Nacional do Pinhão, que se estenderá até o dia 9 de junho. Trata-se de um dos maiores eventos culturais e gastronômicos do Brasil, que deverá reunir mais de 300 mil pessoas no Parque de Exposições Conta Dinheiro, que se deliciarão com a culinária à base de pinhão, semente da árvore araucária. As baixas temperaturas serão um atrativo a mais para as milhares de pessoas que visitam Lages durante a festa.
Paralelamente à festa, acontecerá o Festival Nativista, considerado um dos mais importantes festivais de música regionalista do Brasil. Na verdade, são dois festivais distintos: a 2ª Sapecada da Serra Catarinense, que reunirá artistas de Santa Catarina, e a 10ª Sapecada da Canção Nativa, aberta a representantes de todo o Brasil. Os doze mais bem colocados participarão da grande final no dia 8 de junho e integrarão um CD distribuído em todo o País.
Lages é o Município catarinense de maior extensão territorial — 5.271 quilômetros quadrados — e foi colonizado por italianos, portugueses, espanhóis e alemães. Sua fundação data de 1771.  Recebeu o nome de Villa de Nossa Senhora dos Prazeres de Lajens, na verdade, um pouso de tropeiros que viajavam para São Paulo ou Sorocaba, levando mulas, cavalos e bovinos. Em 1820, a Villa foi desanexada de São Paulo e incorporada a Santa Catarina, sendo elevada, em 1860, à categoria de Município.
Lages é berço de dezenas de personalidades reconhecidas no Estado e até no País, principalmente na política. A cidade pode orgulhar-se de seus filhos ilustres, entre os quais sete Governadores de Estado e Nereu Ramos, que chegou à Presidência da República em 1949.
Hoje, Lages é comandada pelo Prefeito João Raimundo Colombo e pelo Vice Renato Nunes de Oliveira, que competentemente administram aquela que é conhecida como a Princesa da Serra. Graças ao esforço e ao brilhante trabalho da administração municipal, apoiada pela Câmara de Vereadores, Lages está novamente se tornando um Município próspero e vibrante, para o qual têm sido destinados importantes investimentos privados. No setor público, a cidade está cada vez mais bonita e atraente para os visitantes e cada vez mais um lugar bom de viver para os lageanos. 
Vale  registrar ainda que em setembro serão realizados em Lages, após 21 anos, os Jogos Abertos de Santa Catarina, competição entre as cidades catarinenses em diversas modalidades esportivas, confraternizando mais de 10 mil atletas de todo o Estado.
Minha sincera e honesta homenagem a todos os lageanos e a seus dirigentes, dignos anfitriões de milhares de pessoas que chegarão ao Município para participar da Festa Nacional do Pinhão, que foi aberta oficialmente ontem e que se estenderá até o próximo dia 9."
2002-06-12T14:26;PRESIDENTE, INFRAERO, INSPEÇÃO, RECUPERAÇÃO, AMPLIAÇÃO, AEREOPORTO, MUNICÍPIO, SC.;PEQUENO EXPEDIENTE;"O SR. PAULO GOUVÊA (PFL-SC. Sem revisão do orador.) – Sr. Presidente, Sras. e Srs. Deputados, na última segunda-feira, o Presidente da INFRAERO visitou Santa Catarina a convite deste Deputado, e levou boas notícias para o nosso Estado. 
Acompanhado do Diretor de Engenharia, Antonio Carlos Justi, e de outros membros de sua equipe, Fernando Perrone, Presidente da empresa, esteve em Navegantes para vistoriar as obras de reforma e ampliação do aeroporto dessa localidade, e em Blumenau, para prestar esclarecimentos a respeito dessas obras e sobre o futuro do aeroporto que serve a toda a região do Vale do Itajaí. 
Estou fazendo esta referência, Sr. Presidente, porque, infelizmente, não é comum na administração pública, direta ou indireta, ver-se tanta presteza no atendimento às reivindicações, por mais justas que sejam. Nesse caso, como se poderá deduzir do meu relato, a INFRAERO deu um exemplo de como se pode administrar com atenção e objetividade.
A idéia da visita de Fernando Perrone ao Estado originou-se numa audiência que tive com ele há pouco menos de um mês. Na ocasião, manifestei a grande preocupação do empresariado e de toda a população do Vale do Itajaí em razão da morosidade das obras do aeroporto, com uma possível deficiência na qualidade dos materiais, dos acabamentos e dos equipamentos de segurança de vôo. 
Da conversa, que deveria resultar em esclarecimentos ao Deputado, surgiu a decisão de uma visita ao local, com inspeção das obras, palestra e debate, tanto sobre a obra em questão como quanto ao futuro do terminal. O convite foi formalizado pela Associação Comercial e Industrial de Blumenau — ACIB, que organizou a reunião. 
A avaliação do problema, as informações e a resposta de Perrone, Justi e demais integrantes da INFRAERO estiveram à altura do prestígio da empresa. Com muita racionalidade, foi admitido que a execução dessa obra não corresponde ao padrão de qualidade que normalmente a INFRAERO impõe, e com rapidez foram determinadas correções de modo a adequar o terminal de Navegantes ao padrão INFRAERO de excelência. 
Com relação aos equipamentos de segurança de vôo, a solução foi exemplar. Os usuários do aeroporto hoje padecem com os freqüentes atrasos e cancelamentos de vôos em função de condições climáticas. Embora a alocação dos equipamentos que resolvem esse problema não seja de responsabilidade da INFRAERO, o Presidente Perrone determinou que a própria empresa viesse a arcar com o ônus da aquisição da aparelhagem necessária. 
Quanto ao futuro, os representantes da empresa demonstraram estar perfeitamente atentos ao extraordinário potencial de desenvolvimento da região e de crescimento do movimento no aeroporto. Atendendo a uma região industrial particularmente forte e promissora, ao lado do Porto de Itajaí, inserido numa região turística atraente, a menos de dez quilômetros do Parque Beto Carrero World, o Aeroporto de Navegantes realmente tem tudo para se tornar, cada vez mais, em um dos mais movimentados do sul do País. Cabe registrar, a propósito, que o terminal passou de um patamar de 260 mil passageiros, em 1997, para mais de 390 mil, em 2000 e 2001. 
A INFRAERO mostrou perfeito conhecimento dessas circunstâncias, com o projeto do futuro terminal de passageiros, da segunda pista a ser construída e, o que é mais importante, com os passos concretos que já vem tomando para que esses planos se tornem realidade concreta, como é o caso da aquisição de amplas áreas contíguas ao aeroporto, que permitirão essas realizações no futuro.
Sr. Presidente, como Parlamentar que tem lutado muito pelas coisas do meu Estado, pela solução de problemas da região do Vale do Itajaí e de outras regiões do Estado que represento, quero parabenizar os dirigentes da INFRAERO. Como disse no início, não é comum que um Parlamentar busque uma solução e que imediatamente a pessoa responsável por essa solução se disponha a ir ao local, levar sua equipe, examinar, tomar as decisões, encontrar as soluções no próprio local e no mesmo momento.
Parabéns à INFRAERO e ao nosso Governo por essa administração."
2002-06-12T17:34;"HOMENAGEM, PASTORAL DA CRIANÇA, ZILDA ARNS, ASSISTÊNCIA SOCIAL, REDUÇÃO, MORTALIDADE INFANTIL.
INDICAÇÃO, PRÊMIO NOBEL, PAZ.
HOMENAGEM, ANIVERSÁRIO, EMANCIPAÇÃO POLÍTICA, MUNICÍPIOS, BOTUVERÁ, GUABIRUBA, SC.";COMUNICAÇÃO PARLAMENTAR;"O SR. PAULO GOUVÊA (PFL-SC. Pronuncia o seguinte discurso.) - Sr. Presidente, Sras. e Srs. Deputados, há vinte anos tinha início um dos mais fascinantes e eficientes projetos de atenção integral à criança: a Pastoral da Criança.
Tudo começou em 1982, quando numa reunião da ONU, em Genebra, o Cardeal D. Paulo Evaristo Arns, então Arcebispo de São Paulo, encontrou-se com o Sr. James Grant, na época diretor executivo do UNICEF. Este acabou convencendo o Cardeal que a Igreja poderia ajudar a salvar milhares de crianças que morriam de doenças que poderiam ser facilmente prevenidas, como, por exemplo, a desidratação causada pela diarréia.
Voltando ao Brasil, D. Paulo contatou sua irmã, a médica pediatra e sanitarista Dra. Zilda Arns Neumann, pedindo-lhe que pensasse uma maneira de concretizar essa idéia. 
No ano seguinte, a CNBB confiava a tarefa de criação e desenvolvimento da Pastoral da Criança à Dra. Zilda e a D. Geraldo Majella, atualmente Arcebispo Primaz de Salvador, Bahia. Em 1983, a Pastoral da Criança iniciava suas atividades no Município de Florestópolis, Estado do Paraná.
Hoje, Sr. Presidente, 150 mil pessoas estão engajadas num trabalho voluntário, cientificamente organizado e reconhecido como referência pela sua metodologia e pelo alcance de seus objetivos. Capacitados em 40 horas de preparo, jovens e idosos, homens e principalmente mulheres de comunidades pobres tornam-se líderes, agentes pastorais, passando a ensinar o que aprenderam. Cada qual adota em torno de doze famílias de sua comunidade, orientam gestantes, ensinam mães a cuidar de seus filhos, propiciando, entre outros conhecimentos, o do preparo e uso do soro caseiro no combate à diarréia,  orientação quanto ao aproveitamento de alimentos de grande valor nutricional e de baixo custo disponíveis nas próprias comunidades. 
A metodologia utilizada observa três etapas: visitas domiciliares de orientação e acompanhamento; o dia do peso — quando a comunidade se reúne para pesar as crianças; reuniões de líderes de uma mesma comunidade, que refletem, avaliam o trabalho do mês anterior e planejam as ações futuras.
A base de todo o trabalho é a comunidade e a família. Através da Pastoral da Criança, a própria comunidade torna-se promotora de sua transformação, aprendendo e ensinando ações práticas e atitudes, unindo a ação à mística, a vida à fé, trazendo unidade e integridade ao homem.
O trabalho desses líderes comunitários da Pastoral da Criança é admirável.
Eles atuam em todos os Estados brasileiros, acompanhando uma média mensal de 1.135 mil famílias, distribuídas em quase 33 mil comunidades. Segundo o UNICEF, a taxa de mortalidade infantil no Brasil foi, em 1999, de 34,6 mortes para cada mil crianças nascidas vivas. Entre as milhares de crianças acompanhadas pela Pastoral da Criança, esta taxa é inferior a treze mortes para cada mil nascidas vivas, ou seja, quase um terço da média brasileira.
O custo total da Pastoral da Criança é inferior ao de um hospital de porte médio, eqüivalendo a 0,5 dólar por criança/mês. Convém lembrar que, se a Pastoral da Criança fosse pagar a esses mais de 150 mil voluntários, necessitaria de pelo menos 70 milhões de dólares/ano.
Esses resultados são, por si só, admiráveis. Mas há uma dimensão que foi, com propriedade, lembrada pelo Presidente Fernando Henrique Cardoso. Em discurso pronunciado em 9 de janeiro de 2001, S.Exa. assim se referia ao trabalho da Pastoral da Criança: 
""Não se trata apenas de atender à pobreza. É muito mais que isso. É a formação da pessoa, da cidadania, dar valor às pessoas, fazer com que elas entendam que a vida tem que ser cuidada, tem que ser regada como uma plantinha. Isso tem que ser feito também com amor, com dedicação. Por isso é possível fazer mais com menos recursos, porque não são ações que se façam friamente, burocraticamente. São ações que se fazem ungidas por um espírito de fraternidade, de amor, de crença na capacidade do ser humano de ajudar um ao outro"".
Tudo isso se deve, principalmente, à Dra. Zilda Arns — médica pediatra e sanitarista, catarinense nascida em 25 de agosto de 1935, no Município de Forquilhinha. Orgulho do nosso Estado, Zilda Arns visitou recentemente minha cidade, Blumenau. Sua dedicação incansável e espírito cristão e comunitário fazem com que este programa de atenção à criança venha obtendo os admiráveis resultados antes citados. O reconhecimento deste trabalho veio também por intermédio de inúmeros prêmios nacionais e internacionais concedidos à D. Zilda e à Pastoral da Criança.
Sr. Presidente, por todas essas múltiplas razões, a Pastoral da Criança foi indicada para o recebimento do Prêmio Nobel da Paz. Sem dúvida, uma enorme honra para o nosso País e um ato de justiça para com o trabalho humano, solidário, de D. Zilda e todos os integrantes da Pastoral.
Creio que, diante desta oportunidade, a Câmara dos Deputados e o Congresso Nacional não podem ficar indiferentes. Existem razões mais que suficientes para que esta Casa manifeste formalmente seu incondicional apoio à indicação da Pastoral da Terra para o Prêmio Nobel, seja por meio de moção a ser subscrita por todos os Parlamentares, seja por manifestação da Mesa da Câmara Federal. Esta providência terá seguramente endosso da sociedade civil brasileira.
Sr. Presidente, passo a abordar outro assunto. Em 9 de junho de 1962 era fundado um novo Município catarinense no Vale do Itajaí-Mirim: Botuverá. A localidade nasceu em 1876, quando Olímpio Souza Pitanga empreendeu a ampliação dos limites da colônia de Brusque, que ele administrava. Para lá foram conduzidas 33 famílias de italianos, dentre os quais as de Bosio, Venzon e Vonomini.
O nome Botuverá é de origem tupi-guarani e significa ""pedra preciosa"" — uma referência a jazidas minerais existentes no Município e que atraíram muita gente em busca de pepitas de ouro. Após a corrida do ouro, na década de 40, Botuverá ingressou no ciclo da madeira que também se esgotou, em face da legislação que proíbe o corte na Mata Atlântica, que ainda hoje cobre grande parte do Município de 148 quilômetros quadrados.
E é justamente a existência da Mata Atlântica que abre agora perspectivas para o desenvolvimento do turismo. O Município também guarda em seu território extraordinário trunfo nesse setor: a Caverna Botuverá —, uma das maiores do País e seguramente a mais importante de Santa Catarina. Situada a 15 quilômetros do centro, na localidade de Ourinhos, a caverna já atrai visitantes que precisam de 3 a 4 horas para percorrê-la, com acompanhamento de guia. Nela existem muitos salões com altura de até 30 metros, decorados por estalagmites e estalactites em curiosas formações.
Faço essas breves referências para homenagear Botuverá, que completou 40 anos de autonomia política e administrativa. Os botuveravenses estão de parabéns pelo que já realizaram e estão realizando por sua terra e por seus filhos. Apesar das dificuldades, a boa gente de Botuverá trabalha com persistência para construir um lugar sempre melhor. Eles são, na verdade, as pedras preciosas que acabam justificando hoje o nome do Município.
Parabéns, Botuverá!
Passo ainda a abordar outro assunto, Sr. Presidente. No último dia 10, o Município de Guabiruba comemorou 140 anos do início da imigração e 40 anos de sua emancipação política.
Guabiruba foi colonizada por alemães que plantaram suas raízes nesta localidade do Médio Vale do Itajaí, reproduzindo o modelo vigente no grão-ducado de Baden — de onde se  originavam, em sua maioria. Tal modelo consistia em retalhar as terras entre seus descendentes, a cada geração. Por tal razão,  desde a chegada dos imigrantes, em 1862, os lotes foram diminuindo de tamanho em Guabiruba, fazendo com que a população buscasse outras fontes para complementação de renda. Assim, seus habitantes passaram a trocar o arado pelo chão das fábricas que se instalaram nos Municípios de Brusque e de Blumenau.
Durante um século, Guabiruba foi distrito de Brusque, do qual se emancipou em 10 de junho de 1962. Até hoje, o ideal e a saga dos primeiros imigrantes constitui-se no maior legado e patrimônio dos guabirubenses.
Para relembrar estes fatos, Guabiruba realizou uma programação alusiva, que inclui os V Jogos Comunitários, os Jogos Municipais do Idoso, desfile cívico e alegórico e, nos próximos dias 22 e 23, promoverá a 3ª Etapa do Campeonato Catarinense de Motociclismo.
Sr. Presidente, quero saudar a administração municipal — competentemente comandada pelo Prefeito Guido Kormann e seu vice Valério Gums; os dignos representantes do povo na Câmara Municipal e manifestar minha especial admiração pelos guabirubenses, lembrando a primeira estrofe e o estribilho da Hino do Município:
""Nossas vozes entoam melodias
Traduzindo carinho, exaltação.
Salve rico, garboso Município,
Monumento da nossa imigração.

Guabiruba! Guabiruba!
O teu nome é doce, lindo,
Dá-nos um prazer infindo
Ser teus filhos, Guabiruba""."
